4.861111111111110494e-02 4.861111111111110494e-02
4.861111111111110494e-02 6.250000000000000000e-02
4.861111111111110494e-02 7.638888888888888118e-02
4.861111111111110494e-02 9.027777777777776236e-02
4.861111111111110494e-02 1.041666666666666574e-01
4.861111111111110494e-02 1.180555555555555525e-01
6.250000000000000000e-02 4.861111111111110494e-02
6.250000000000000000e-02 6.250000000000000000e-02
6.250000000000000000e-02 7.638888888888888118e-02
6.250000000000000000e-02 9.027777777777776236e-02
6.250000000000000000e-02 1.041666666666666574e-01
6.250000000000000000e-02 1.180555555555555525e-01
7.638888888888888118e-02 4.861111111111110494e-02
7.638888888888888118e-02 6.250000000000000000e-02
7.638888888888888118e-02 7.638888888888888118e-02
7.638888888888888118e-02 9.027777777777776236e-02
7.638888888888888118e-02 1.041666666666666574e-01
7.638888888888888118e-02 1.180555555555555525e-01
9.027777777777776236e-02 4.861111111111110494e-02
9.027777777777776236e-02 6.250000000000000000e-02
9.027777777777776236e-02 7.638888888888888118e-02
9.027777777777776236e-02 9.027777777777776236e-02
9.027777777777776236e-02 1.041666666666666574e-01
9.027777777777776236e-02 1.180555555555555525e-01
1.041666666666666574e-01 4.861111111111110494e-02
1.041666666666666574e-01 6.250000000000000000e-02
1.041666666666666574e-01 7.638888888888888118e-02
1.041666666666666574e-01 9.027777777777776236e-02
1.041666666666666574e-01 1.041666666666666574e-01
1.041666666666666574e-01 1.180555555555555525e-01
1.180555555555555525e-01 4.861111111111110494e-02
1.180555555555555525e-01 6.250000000000000000e-02
1.180555555555555525e-01 7.638888888888888118e-02
1.180555555555555525e-01 9.027777777777776236e-02
1.180555555555555525e-01 1.041666666666666574e-01
1.180555555555555525e-01 1.180555555555555525e-01
4.861111111111110494e-02 2.152777777777777901e-01
4.861111111111110494e-02 2.291666666666666574e-01
4.861111111111110494e-02 2.430555555555555525e-01
4.861111111111110494e-02 2.569444444444444198e-01
4.861111111111110494e-02 2.708333333333333148e-01
4.861111111111110494e-02 2.847222222222222099e-01
6.250000000000000000e-02 2.152777777777777901e-01
6.250000000000000000e-02 2.291666666666666574e-01
6.250000000000000000e-02 2.430555555555555525e-01
6.250000000000000000e-02 2.569444444444444198e-01
6.250000000000000000e-02 2.708333333333333148e-01
6.250000000000000000e-02 2.847222222222222099e-01
7.638888888888888118e-02 2.152777777777777901e-01
7.638888888888888118e-02 2.291666666666666574e-01
7.638888888888888118e-02 2.430555555555555525e-01
7.638888888888888118e-02 2.569444444444444198e-01
7.638888888888888118e-02 2.708333333333333148e-01
7.638888888888888118e-02 2.847222222222222099e-01
9.027777777777776236e-02 2.152777777777777901e-01
9.027777777777776236e-02 2.291666666666666574e-01
9.027777777777776236e-02 2.430555555555555525e-01
9.027777777777776236e-02 2.569444444444444198e-01
9.027777777777776236e-02 2.708333333333333148e-01
9.027777777777776236e-02 2.847222222222222099e-01
1.041666666666666574e-01 2.152777777777777901e-01
1.041666666666666574e-01 2.291666666666666574e-01
1.041666666666666574e-01 2.430555555555555525e-01
1.041666666666666574e-01 2.569444444444444198e-01
1.041666666666666574e-01 2.708333333333333148e-01
1.041666666666666574e-01 2.847222222222222099e-01
1.180555555555555525e-01 2.152777777777777901e-01
1.180555555555555525e-01 2.291666666666666574e-01
1.180555555555555525e-01 2.430555555555555525e-01
1.180555555555555525e-01 2.569444444444444198e-01
1.180555555555555525e-01 2.708333333333333148e-01
1.180555555555555525e-01 2.847222222222222099e-01
4.861111111111110494e-02 3.819444444444444198e-01
4.861111111111110494e-02 3.958333333333333148e-01
4.861111111111110494e-02 4.097222222222222099e-01
4.861111111111110494e-02 4.236111111111110494e-01
4.861111111111110494e-02 4.374999999999999445e-01
4.861111111111110494e-02 4.513888888888888395e-01
6.250000000000000000e-02 3.819444444444444198e-01
6.250000000000000000e-02 3.958333333333333148e-01
6.250000000000000000e-02 4.097222222222222099e-01
6.250000000000000000e-02 4.236111111111110494e-01
6.250000000000000000e-02 4.374999999999999445e-01
6.250000000000000000e-02 4.513888888888888395e-01
7.638888888888888118e-02 3.819444444444444198e-01
7.638888888888888118e-02 3.958333333333333148e-01
7.638888888888888118e-02 4.097222222222222099e-01
7.638888888888888118e-02 4.236111111111110494e-01
7.638888888888888118e-02 4.374999999999999445e-01
7.638888888888888118e-02 4.513888888888888395e-01
9.027777777777776236e-02 3.819444444444444198e-01
9.027777777777776236e-02 3.958333333333333148e-01
9.027777777777776236e-02 4.097222222222222099e-01
9.027777777777776236e-02 4.236111111111110494e-01
9.027777777777776236e-02 4.374999999999999445e-01
9.027777777777776236e-02 4.513888888888888395e-01
1.041666666666666574e-01 3.819444444444444198e-01
1.041666666666666574e-01 3.958333333333333148e-01
1.041666666666666574e-01 4.097222222222222099e-01
1.041666666666666574e-01 4.236111111111110494e-01
1.041666666666666574e-01 4.374999999999999445e-01
1.041666666666666574e-01 4.513888888888888395e-01
1.180555555555555525e-01 3.819444444444444198e-01
1.180555555555555525e-01 3.958333333333333148e-01
1.180555555555555525e-01 4.097222222222222099e-01
1.180555555555555525e-01 4.236111111111110494e-01
1.180555555555555525e-01 4.374999999999999445e-01
1.180555555555555525e-01 4.513888888888888395e-01
4.861111111111110494e-02 5.486111111111110494e-01
4.861111111111110494e-02 5.624999999999998890e-01
4.861111111111110494e-02 5.763888888888888395e-01
4.861111111111110494e-02 5.902777777777776791e-01
4.861111111111110494e-02 6.041666666666666297e-01
4.861111111111110494e-02 6.180555555555554692e-01
6.250000000000000000e-02 5.486111111111110494e-01
6.250000000000000000e-02 5.624999999999998890e-01
6.250000000000000000e-02 5.763888888888888395e-01
6.250000000000000000e-02 5.902777777777776791e-01
6.250000000000000000e-02 6.041666666666666297e-01
6.250000000000000000e-02 6.180555555555554692e-01
7.638888888888888118e-02 5.486111111111110494e-01
7.638888888888888118e-02 5.624999999999998890e-01
7.638888888888888118e-02 5.763888888888888395e-01
7.638888888888888118e-02 5.902777777777776791e-01
7.638888888888888118e-02 6.041666666666666297e-01
7.638888888888888118e-02 6.180555555555554692e-01
9.027777777777776236e-02 5.486111111111110494e-01
9.027777777777776236e-02 5.624999999999998890e-01
9.027777777777776236e-02 5.763888888888888395e-01
9.027777777777776236e-02 5.902777777777776791e-01
9.027777777777776236e-02 6.041666666666666297e-01
9.027777777777776236e-02 6.180555555555554692e-01
1.041666666666666574e-01 5.486111111111110494e-01
1.041666666666666574e-01 5.624999999999998890e-01
1.041666666666666574e-01 5.763888888888888395e-01
1.041666666666666574e-01 5.902777777777776791e-01
1.041666666666666574e-01 6.041666666666666297e-01
1.041666666666666574e-01 6.180555555555554692e-01
1.180555555555555525e-01 5.486111111111110494e-01
1.180555555555555525e-01 5.624999999999998890e-01
1.180555555555555525e-01 5.763888888888888395e-01
1.180555555555555525e-01 5.902777777777776791e-01
1.180555555555555525e-01 6.041666666666666297e-01
1.180555555555555525e-01 6.180555555555554692e-01
4.861111111111110494e-02 7.152777777777777901e-01
4.861111111111110494e-02 7.291666666666666297e-01
4.861111111111110494e-02 7.430555555555555802e-01
4.861111111111110494e-02 7.569444444444444198e-01
4.861111111111110494e-02 7.708333333333333703e-01
4.861111111111110494e-02 7.847222222222222099e-01
6.250000000000000000e-02 7.152777777777777901e-01
6.250000000000000000e-02 7.291666666666666297e-01
6.250000000000000000e-02 7.430555555555555802e-01
6.250000000000000000e-02 7.569444444444444198e-01
6.250000000000000000e-02 7.708333333333333703e-01
6.250000000000000000e-02 7.847222222222222099e-01
7.638888888888888118e-02 7.152777777777777901e-01
7.638888888888888118e-02 7.291666666666666297e-01
7.638888888888888118e-02 7.430555555555555802e-01
7.638888888888888118e-02 7.569444444444444198e-01
7.638888888888888118e-02 7.708333333333333703e-01
7.638888888888888118e-02 7.847222222222222099e-01
9.027777777777776236e-02 7.152777777777777901e-01
9.027777777777776236e-02 7.291666666666666297e-01
9.027777777777776236e-02 7.430555555555555802e-01
9.027777777777776236e-02 7.569444444444444198e-01
9.027777777777776236e-02 7.708333333333333703e-01
9.027777777777776236e-02 7.847222222222222099e-01
1.041666666666666574e-01 7.152777777777777901e-01
1.041666666666666574e-01 7.291666666666666297e-01
1.041666666666666574e-01 7.430555555555555802e-01
1.041666666666666574e-01 7.569444444444444198e-01
1.041666666666666574e-01 7.708333333333333703e-01
1.041666666666666574e-01 7.847222222222222099e-01
1.180555555555555525e-01 7.152777777777777901e-01
1.180555555555555525e-01 7.291666666666666297e-01
1.180555555555555525e-01 7.430555555555555802e-01
1.180555555555555525e-01 7.569444444444444198e-01
1.180555555555555525e-01 7.708333333333333703e-01
1.180555555555555525e-01 7.847222222222222099e-01
4.861111111111110494e-02 8.819444444444444198e-01
4.861111111111110494e-02 8.958333333333332593e-01
4.861111111111110494e-02 9.097222222222222099e-01
4.861111111111110494e-02 9.236111111111110494e-01
4.861111111111110494e-02 9.375000000000000000e-01
4.861111111111110494e-02 9.513888888888888395e-01
6.250000000000000000e-02 8.819444444444444198e-01
6.250000000000000000e-02 8.958333333333332593e-01
6.250000000000000000e-02 9.097222222222222099e-01
6.250000000000000000e-02 9.236111111111110494e-01
6.250000000000000000e-02 9.375000000000000000e-01
6.250000000000000000e-02 9.513888888888888395e-01
7.638888888888888118e-02 8.819444444444444198e-01
7.638888888888888118e-02 8.958333333333332593e-01
7.638888888888888118e-02 9.097222222222222099e-01
7.638888888888888118e-02 9.236111111111110494e-01
7.638888888888888118e-02 9.375000000000000000e-01
7.638888888888888118e-02 9.513888888888888395e-01
9.027777777777776236e-02 8.819444444444444198e-01
9.027777777777776236e-02 8.958333333333332593e-01
9.027777777777776236e-02 9.097222222222222099e-01
9.027777777777776236e-02 9.236111111111110494e-01
9.027777777777776236e-02 9.375000000000000000e-01
9.027777777777776236e-02 9.513888888888888395e-01
1.041666666666666574e-01 8.819444444444444198e-01
1.041666666666666574e-01 8.958333333333332593e-01
1.041666666666666574e-01 9.097222222222222099e-01
1.041666666666666574e-01 9.236111111111110494e-01
1.041666666666666574e-01 9.375000000000000000e-01
1.041666666666666574e-01 9.513888888888888395e-01
1.180555555555555525e-01 8.819444444444444198e-01
1.180555555555555525e-01 8.958333333333332593e-01
1.180555555555555525e-01 9.097222222222222099e-01
1.180555555555555525e-01 9.236111111111110494e-01
1.180555555555555525e-01 9.375000000000000000e-01
1.180555555555555525e-01 9.513888888888888395e-01
2.152777777777777901e-01 4.861111111111110494e-02
2.152777777777777901e-01 6.250000000000000000e-02
2.152777777777777901e-01 7.638888888888888118e-02
2.152777777777777901e-01 9.027777777777776236e-02
2.152777777777777901e-01 1.041666666666666574e-01
2.152777777777777901e-01 1.180555555555555525e-01
2.291666666666666574e-01 4.861111111111110494e-02
2.291666666666666574e-01 6.250000000000000000e-02
2.291666666666666574e-01 7.638888888888888118e-02
2.291666666666666574e-01 9.027777777777776236e-02
2.291666666666666574e-01 1.041666666666666574e-01
2.291666666666666574e-01 1.180555555555555525e-01
2.430555555555555525e-01 4.861111111111110494e-02
2.430555555555555525e-01 6.250000000000000000e-02
2.430555555555555525e-01 7.638888888888888118e-02
2.430555555555555525e-01 9.027777777777776236e-02
2.430555555555555525e-01 1.041666666666666574e-01
2.430555555555555525e-01 1.180555555555555525e-01
2.569444444444444198e-01 4.861111111111110494e-02
2.569444444444444198e-01 6.250000000000000000e-02
2.569444444444444198e-01 7.638888888888888118e-02
2.569444444444444198e-01 9.027777777777776236e-02
2.569444444444444198e-01 1.041666666666666574e-01
2.569444444444444198e-01 1.180555555555555525e-01
2.708333333333333148e-01 4.861111111111110494e-02
2.708333333333333148e-01 6.250000000000000000e-02
2.708333333333333148e-01 7.638888888888888118e-02
2.708333333333333148e-01 9.027777777777776236e-02
2.708333333333333148e-01 1.041666666666666574e-01
2.708333333333333148e-01 1.180555555555555525e-01
2.847222222222222099e-01 4.861111111111110494e-02
2.847222222222222099e-01 6.250000000000000000e-02
2.847222222222222099e-01 7.638888888888888118e-02
2.847222222222222099e-01 9.027777777777776236e-02
2.847222222222222099e-01 1.041666666666666574e-01
2.847222222222222099e-01 1.180555555555555525e-01
2.152777777777777901e-01 2.152777777777777901e-01
2.152777777777777901e-01 2.291666666666666574e-01
2.152777777777777901e-01 2.430555555555555525e-01
2.152777777777777901e-01 2.569444444444444198e-01
2.152777777777777901e-01 2.708333333333333148e-01
2.152777777777777901e-01 2.847222222222222099e-01
2.291666666666666574e-01 2.152777777777777901e-01
2.291666666666666574e-01 2.291666666666666574e-01
2.291666666666666574e-01 2.430555555555555525e-01
2.291666666666666574e-01 2.569444444444444198e-01
2.291666666666666574e-01 2.708333333333333148e-01
2.291666666666666574e-01 2.847222222222222099e-01
2.430555555555555525e-01 2.152777777777777901e-01
2.430555555555555525e-01 2.291666666666666574e-01
2.430555555555555525e-01 2.430555555555555525e-01
2.430555555555555525e-01 2.569444444444444198e-01
2.430555555555555525e-01 2.708333333333333148e-01
2.430555555555555525e-01 2.847222222222222099e-01
2.569444444444444198e-01 2.152777777777777901e-01
2.569444444444444198e-01 2.291666666666666574e-01
2.569444444444444198e-01 2.430555555555555525e-01
2.569444444444444198e-01 2.569444444444444198e-01
2.569444444444444198e-01 2.708333333333333148e-01
2.569444444444444198e-01 2.847222222222222099e-01
2.708333333333333148e-01 2.152777777777777901e-01
2.708333333333333148e-01 2.291666666666666574e-01
2.708333333333333148e-01 2.430555555555555525e-01
2.708333333333333148e-01 2.569444444444444198e-01
2.708333333333333148e-01 2.708333333333333148e-01
2.708333333333333148e-01 2.847222222222222099e-01
2.847222222222222099e-01 2.152777777777777901e-01
2.847222222222222099e-01 2.291666666666666574e-01
2.847222222222222099e-01 2.430555555555555525e-01
2.847222222222222099e-01 2.569444444444444198e-01
2.847222222222222099e-01 2.708333333333333148e-01
2.847222222222222099e-01 2.847222222222222099e-01
2.152777777777777901e-01 3.819444444444444198e-01
2.152777777777777901e-01 3.958333333333333148e-01
2.152777777777777901e-01 4.097222222222222099e-01
2.152777777777777901e-01 4.236111111111110494e-01
2.152777777777777901e-01 4.374999999999999445e-01
2.152777777777777901e-01 4.513888888888888395e-01
2.291666666666666574e-01 3.819444444444444198e-01
2.291666666666666574e-01 3.958333333333333148e-01
2.291666666666666574e-01 4.097222222222222099e-01
2.291666666666666574e-01 4.236111111111110494e-01
2.291666666666666574e-01 4.374999999999999445e-01
2.291666666666666574e-01 4.513888888888888395e-01
2.430555555555555525e-01 3.819444444444444198e-01
2.430555555555555525e-01 3.958333333333333148e-01
2.430555555555555525e-01 4.097222222222222099e-01
2.430555555555555525e-01 4.236111111111110494e-01
2.430555555555555525e-01 4.374999999999999445e-01
2.430555555555555525e-01 4.513888888888888395e-01
2.569444444444444198e-01 3.819444444444444198e-01
2.569444444444444198e-01 3.958333333333333148e-01
2.569444444444444198e-01 4.097222222222222099e-01
2.569444444444444198e-01 4.236111111111110494e-01
2.569444444444444198e-01 4.374999999999999445e-01
2.569444444444444198e-01 4.513888888888888395e-01
2.708333333333333148e-01 3.819444444444444198e-01
2.708333333333333148e-01 3.958333333333333148e-01
2.708333333333333148e-01 4.097222222222222099e-01
2.708333333333333148e-01 4.236111111111110494e-01
2.708333333333333148e-01 4.374999999999999445e-01
2.708333333333333148e-01 4.513888888888888395e-01
2.847222222222222099e-01 3.819444444444444198e-01
2.847222222222222099e-01 3.958333333333333148e-01
2.847222222222222099e-01 4.097222222222222099e-01
2.847222222222222099e-01 4.236111111111110494e-01
2.847222222222222099e-01 4.374999999999999445e-01
2.847222222222222099e-01 4.513888888888888395e-01
2.152777777777777901e-01 5.486111111111110494e-01
2.152777777777777901e-01 5.624999999999998890e-01
2.152777777777777901e-01 5.763888888888888395e-01
2.152777777777777901e-01 5.902777777777776791e-01
2.152777777777777901e-01 6.041666666666666297e-01
2.152777777777777901e-01 6.180555555555554692e-01
2.291666666666666574e-01 5.486111111111110494e-01
2.291666666666666574e-01 5.624999999999998890e-01
2.291666666666666574e-01 5.763888888888888395e-01
2.291666666666666574e-01 5.902777777777776791e-01
2.291666666666666574e-01 6.041666666666666297e-01
2.291666666666666574e-01 6.180555555555554692e-01
2.430555555555555525e-01 5.486111111111110494e-01
2.430555555555555525e-01 5.624999999999998890e-01
2.430555555555555525e-01 5.763888888888888395e-01
2.430555555555555525e-01 5.902777777777776791e-01
2.430555555555555525e-01 6.041666666666666297e-01
2.430555555555555525e-01 6.180555555555554692e-01
2.569444444444444198e-01 5.486111111111110494e-01
2.569444444444444198e-01 5.624999999999998890e-01
2.569444444444444198e-01 5.763888888888888395e-01
2.569444444444444198e-01 5.902777777777776791e-01
2.569444444444444198e-01 6.041666666666666297e-01
2.569444444444444198e-01 6.180555555555554692e-01
2.708333333333333148e-01 5.486111111111110494e-01
2.708333333333333148e-01 5.624999999999998890e-01
2.708333333333333148e-01 5.763888888888888395e-01
2.708333333333333148e-01 5.902777777777776791e-01
2.708333333333333148e-01 6.041666666666666297e-01
2.708333333333333148e-01 6.180555555555554692e-01
2.847222222222222099e-01 5.486111111111110494e-01
2.847222222222222099e-01 5.624999999999998890e-01
2.847222222222222099e-01 5.763888888888888395e-01
2.847222222222222099e-01 5.902777777777776791e-01
2.847222222222222099e-01 6.041666666666666297e-01
2.847222222222222099e-01 6.180555555555554692e-01
2.152777777777777901e-01 7.152777777777777901e-01
2.152777777777777901e-01 7.291666666666666297e-01
2.152777777777777901e-01 7.430555555555555802e-01
2.152777777777777901e-01 7.569444444444444198e-01
2.152777777777777901e-01 7.708333333333333703e-01
2.152777777777777901e-01 7.847222222222222099e-01
2.291666666666666574e-01 7.152777777777777901e-01
2.291666666666666574e-01 7.291666666666666297e-01
2.291666666666666574e-01 7.430555555555555802e-01
2.291666666666666574e-01 7.569444444444444198e-01
2.291666666666666574e-01 7.708333333333333703e-01
2.291666666666666574e-01 7.847222222222222099e-01
2.430555555555555525e-01 7.152777777777777901e-01
2.430555555555555525e-01 7.291666666666666297e-01
2.430555555555555525e-01 7.430555555555555802e-01
2.430555555555555525e-01 7.569444444444444198e-01
2.430555555555555525e-01 7.708333333333333703e-01
2.430555555555555525e-01 7.847222222222222099e-01
2.569444444444444198e-01 7.152777777777777901e-01
2.569444444444444198e-01 7.291666666666666297e-01
2.569444444444444198e-01 7.430555555555555802e-01
2.569444444444444198e-01 7.569444444444444198e-01
2.569444444444444198e-01 7.708333333333333703e-01
2.569444444444444198e-01 7.847222222222222099e-01
2.708333333333333148e-01 7.152777777777777901e-01
2.708333333333333148e-01 7.291666666666666297e-01
2.708333333333333148e-01 7.430555555555555802e-01
2.708333333333333148e-01 7.569444444444444198e-01
2.708333333333333148e-01 7.708333333333333703e-01
2.708333333333333148e-01 7.847222222222222099e-01
2.847222222222222099e-01 7.152777777777777901e-01
2.847222222222222099e-01 7.291666666666666297e-01
2.847222222222222099e-01 7.430555555555555802e-01
2.847222222222222099e-01 7.569444444444444198e-01
2.847222222222222099e-01 7.708333333333333703e-01
2.847222222222222099e-01 7.847222222222222099e-01
2.152777777777777901e-01 8.819444444444444198e-01
2.152777777777777901e-01 8.958333333333332593e-01
2.152777777777777901e-01 9.097222222222222099e-01
2.152777777777777901e-01 9.236111111111110494e-01
2.152777777777777901e-01 9.375000000000000000e-01
2.152777777777777901e-01 9.513888888888888395e-01
2.291666666666666574e-01 8.819444444444444198e-01
2.291666666666666574e-01 8.958333333333332593e-01
2.291666666666666574e-01 9.097222222222222099e-01
2.291666666666666574e-01 9.236111111111110494e-01
2.291666666666666574e-01 9.375000000000000000e-01
2.291666666666666574e-01 9.513888888888888395e-01
2.430555555555555525e-01 8.819444444444444198e-01
2.430555555555555525e-01 8.958333333333332593e-01
2.430555555555555525e-01 9.097222222222222099e-01
2.430555555555555525e-01 9.236111111111110494e-01
2.430555555555555525e-01 9.375000000000000000e-01
2.430555555555555525e-01 9.513888888888888395e-01
2.569444444444444198e-01 8.819444444444444198e-01
2.569444444444444198e-01 8.958333333333332593e-01
2.569444444444444198e-01 9.097222222222222099e-01
2.569444444444444198e-01 9.236111111111110494e-01
2.569444444444444198e-01 9.375000000000000000e-01
2.569444444444444198e-01 9.513888888888888395e-01
2.708333333333333148e-01 8.819444444444444198e-01
2.708333333333333148e-01 8.958333333333332593e-01
2.708333333333333148e-01 9.097222222222222099e-01
2.708333333333333148e-01 9.236111111111110494e-01
2.708333333333333148e-01 9.375000000000000000e-01
2.708333333333333148e-01 9.513888888888888395e-01
2.847222222222222099e-01 8.819444444444444198e-01
2.847222222222222099e-01 8.958333333333332593e-01
2.847222222222222099e-01 9.097222222222222099e-01
2.847222222222222099e-01 9.236111111111110494e-01
2.847222222222222099e-01 9.375000000000000000e-01
2.847222222222222099e-01 9.513888888888888395e-01
3.819444444444444198e-01 4.861111111111110494e-02
3.819444444444444198e-01 6.250000000000000000e-02
3.819444444444444198e-01 7.638888888888888118e-02
3.819444444444444198e-01 9.027777777777776236e-02
3.819444444444444198e-01 1.041666666666666574e-01
3.819444444444444198e-01 1.180555555555555525e-01
3.958333333333333148e-01 4.861111111111110494e-02
3.958333333333333148e-01 6.250000000000000000e-02
3.958333333333333148e-01 7.638888888888888118e-02
3.958333333333333148e-01 9.027777777777776236e-02
3.958333333333333148e-01 1.041666666666666574e-01
3.958333333333333148e-01 1.180555555555555525e-01
4.097222222222222099e-01 4.861111111111110494e-02
4.097222222222222099e-01 6.250000000000000000e-02
4.097222222222222099e-01 7.638888888888888118e-02
4.097222222222222099e-01 9.027777777777776236e-02
4.097222222222222099e-01 1.041666666666666574e-01
4.097222222222222099e-01 1.180555555555555525e-01
4.236111111111110494e-01 4.861111111111110494e-02
4.236111111111110494e-01 6.250000000000000000e-02
4.236111111111110494e-01 7.638888888888888118e-02
4.236111111111110494e-01 9.027777777777776236e-02
4.236111111111110494e-01 1.041666666666666574e-01
4.236111111111110494e-01 1.180555555555555525e-01
4.374999999999999445e-01 4.861111111111110494e-02
4.374999999999999445e-01 6.250000000000000000e-02
4.374999999999999445e-01 7.638888888888888118e-02
4.374999999999999445e-01 9.027777777777776236e-02
4.374999999999999445e-01 1.041666666666666574e-01
4.374999999999999445e-01 1.180555555555555525e-01
4.513888888888888395e-01 4.861111111111110494e-02
4.513888888888888395e-01 6.250000000000000000e-02
4.513888888888888395e-01 7.638888888888888118e-02
4.513888888888888395e-01 9.027777777777776236e-02
4.513888888888888395e-01 1.041666666666666574e-01
4.513888888888888395e-01 1.180555555555555525e-01
3.819444444444444198e-01 2.152777777777777901e-01
3.819444444444444198e-01 2.291666666666666574e-01
3.819444444444444198e-01 2.430555555555555525e-01
3.819444444444444198e-01 2.569444444444444198e-01
3.819444444444444198e-01 2.708333333333333148e-01
3.819444444444444198e-01 2.847222222222222099e-01
3.958333333333333148e-01 2.152777777777777901e-01
3.958333333333333148e-01 2.291666666666666574e-01
3.958333333333333148e-01 2.430555555555555525e-01
3.958333333333333148e-01 2.569444444444444198e-01
3.958333333333333148e-01 2.708333333333333148e-01
3.958333333333333148e-01 2.847222222222222099e-01
4.097222222222222099e-01 2.152777777777777901e-01
4.097222222222222099e-01 2.291666666666666574e-01
4.097222222222222099e-01 2.430555555555555525e-01
4.097222222222222099e-01 2.569444444444444198e-01
4.097222222222222099e-01 2.708333333333333148e-01
4.097222222222222099e-01 2.847222222222222099e-01
4.236111111111110494e-01 2.152777777777777901e-01
4.236111111111110494e-01 2.291666666666666574e-01
4.236111111111110494e-01 2.430555555555555525e-01
4.236111111111110494e-01 2.569444444444444198e-01
4.236111111111110494e-01 2.708333333333333148e-01
4.236111111111110494e-01 2.847222222222222099e-01
4.374999999999999445e-01 2.152777777777777901e-01
4.374999999999999445e-01 2.291666666666666574e-01
4.374999999999999445e-01 2.430555555555555525e-01
4.374999999999999445e-01 2.569444444444444198e-01
4.374999999999999445e-01 2.708333333333333148e-01
4.374999999999999445e-01 2.847222222222222099e-01
4.513888888888888395e-01 2.152777777777777901e-01
4.513888888888888395e-01 2.291666666666666574e-01
4.513888888888888395e-01 2.430555555555555525e-01
4.513888888888888395e-01 2.569444444444444198e-01
4.513888888888888395e-01 2.708333333333333148e-01
4.513888888888888395e-01 2.847222222222222099e-01
3.819444444444444198e-01 3.819444444444444198e-01
3.819444444444444198e-01 3.958333333333333148e-01
3.819444444444444198e-01 4.097222222222222099e-01
3.819444444444444198e-01 4.236111111111110494e-01
3.819444444444444198e-01 4.374999999999999445e-01
3.819444444444444198e-01 4.513888888888888395e-01
3.958333333333333148e-01 3.819444444444444198e-01
3.958333333333333148e-01 3.958333333333333148e-01
3.958333333333333148e-01 4.097222222222222099e-01
3.958333333333333148e-01 4.236111111111110494e-01
3.958333333333333148e-01 4.374999999999999445e-01
3.958333333333333148e-01 4.513888888888888395e-01
4.097222222222222099e-01 3.819444444444444198e-01
4.097222222222222099e-01 3.958333333333333148e-01
4.097222222222222099e-01 4.097222222222222099e-01
4.097222222222222099e-01 4.236111111111110494e-01
4.097222222222222099e-01 4.374999999999999445e-01
4.097222222222222099e-01 4.513888888888888395e-01
4.236111111111110494e-01 3.819444444444444198e-01
4.236111111111110494e-01 3.958333333333333148e-01
4.236111111111110494e-01 4.097222222222222099e-01
4.236111111111110494e-01 4.236111111111110494e-01
4.236111111111110494e-01 4.374999999999999445e-01
4.236111111111110494e-01 4.513888888888888395e-01
4.374999999999999445e-01 3.819444444444444198e-01
4.374999999999999445e-01 3.958333333333333148e-01
4.374999999999999445e-01 4.097222222222222099e-01
4.374999999999999445e-01 4.236111111111110494e-01
4.374999999999999445e-01 4.374999999999999445e-01
4.374999999999999445e-01 4.513888888888888395e-01
4.513888888888888395e-01 3.819444444444444198e-01
4.513888888888888395e-01 3.958333333333333148e-01
4.513888888888888395e-01 4.097222222222222099e-01
4.513888888888888395e-01 4.236111111111110494e-01
4.513888888888888395e-01 4.374999999999999445e-01
4.513888888888888395e-01 4.513888888888888395e-01
3.819444444444444198e-01 5.486111111111110494e-01
3.819444444444444198e-01 5.624999999999998890e-01
3.819444444444444198e-01 5.763888888888888395e-01
3.819444444444444198e-01 5.902777777777776791e-01
3.819444444444444198e-01 6.041666666666666297e-01
3.819444444444444198e-01 6.180555555555554692e-01
3.958333333333333148e-01 5.486111111111110494e-01
3.958333333333333148e-01 5.624999999999998890e-01
3.958333333333333148e-01 5.763888888888888395e-01
3.958333333333333148e-01 5.902777777777776791e-01
3.958333333333333148e-01 6.041666666666666297e-01
3.958333333333333148e-01 6.180555555555554692e-01
4.097222222222222099e-01 5.486111111111110494e-01
4.097222222222222099e-01 5.624999999999998890e-01
4.097222222222222099e-01 5.763888888888888395e-01
4.097222222222222099e-01 5.902777777777776791e-01
4.097222222222222099e-01 6.041666666666666297e-01
4.097222222222222099e-01 6.180555555555554692e-01
4.236111111111110494e-01 5.486111111111110494e-01
4.236111111111110494e-01 5.624999999999998890e-01
4.236111111111110494e-01 5.763888888888888395e-01
4.236111111111110494e-01 5.902777777777776791e-01
4.236111111111110494e-01 6.041666666666666297e-01
4.236111111111110494e-01 6.180555555555554692e-01
4.374999999999999445e-01 5.486111111111110494e-01
4.374999999999999445e-01 5.624999999999998890e-01
4.374999999999999445e-01 5.763888888888888395e-01
4.374999999999999445e-01 5.902777777777776791e-01
4.374999999999999445e-01 6.041666666666666297e-01
4.374999999999999445e-01 6.180555555555554692e-01
4.513888888888888395e-01 5.486111111111110494e-01
4.513888888888888395e-01 5.624999999999998890e-01
4.513888888888888395e-01 5.763888888888888395e-01
4.513888888888888395e-01 5.902777777777776791e-01
4.513888888888888395e-01 6.041666666666666297e-01
4.513888888888888395e-01 6.180555555555554692e-01
3.819444444444444198e-01 7.152777777777777901e-01
3.819444444444444198e-01 7.291666666666666297e-01
3.819444444444444198e-01 7.430555555555555802e-01
3.819444444444444198e-01 7.569444444444444198e-01
3.819444444444444198e-01 7.708333333333333703e-01
3.819444444444444198e-01 7.847222222222222099e-01
3.958333333333333148e-01 7.152777777777777901e-01
3.958333333333333148e-01 7.291666666666666297e-01
3.958333333333333148e-01 7.430555555555555802e-01
3.958333333333333148e-01 7.569444444444444198e-01
3.958333333333333148e-01 7.708333333333333703e-01
3.958333333333333148e-01 7.847222222222222099e-01
4.097222222222222099e-01 7.152777777777777901e-01
4.097222222222222099e-01 7.291666666666666297e-01
4.097222222222222099e-01 7.430555555555555802e-01
4.097222222222222099e-01 7.569444444444444198e-01
4.097222222222222099e-01 7.708333333333333703e-01
4.097222222222222099e-01 7.847222222222222099e-01
4.236111111111110494e-01 7.152777777777777901e-01
4.236111111111110494e-01 7.291666666666666297e-01
4.236111111111110494e-01 7.430555555555555802e-01
4.236111111111110494e-01 7.569444444444444198e-01
4.236111111111110494e-01 7.708333333333333703e-01
4.236111111111110494e-01 7.847222222222222099e-01
4.374999999999999445e-01 7.152777777777777901e-01
4.374999999999999445e-01 7.291666666666666297e-01
4.374999999999999445e-01 7.430555555555555802e-01
4.374999999999999445e-01 7.569444444444444198e-01
4.374999999999999445e-01 7.708333333333333703e-01
4.374999999999999445e-01 7.847222222222222099e-01
4.513888888888888395e-01 7.152777777777777901e-01
4.513888888888888395e-01 7.291666666666666297e-01
4.513888888888888395e-01 7.430555555555555802e-01
4.513888888888888395e-01 7.569444444444444198e-01
4.513888888888888395e-01 7.708333333333333703e-01
4.513888888888888395e-01 7.847222222222222099e-01
3.819444444444444198e-01 8.819444444444444198e-01
3.819444444444444198e-01 8.958333333333332593e-01
3.819444444444444198e-01 9.097222222222222099e-01
3.819444444444444198e-01 9.236111111111110494e-01
3.819444444444444198e-01 9.375000000000000000e-01
3.819444444444444198e-01 9.513888888888888395e-01
3.958333333333333148e-01 8.819444444444444198e-01
3.958333333333333148e-01 8.958333333333332593e-01
3.958333333333333148e-01 9.097222222222222099e-01
3.958333333333333148e-01 9.236111111111110494e-01
3.958333333333333148e-01 9.375000000000000000e-01
3.958333333333333148e-01 9.513888888888888395e-01
4.097222222222222099e-01 8.819444444444444198e-01
4.097222222222222099e-01 8.958333333333332593e-01
4.097222222222222099e-01 9.097222222222222099e-01
4.097222222222222099e-01 9.236111111111110494e-01
4.097222222222222099e-01 9.375000000000000000e-01
4.097222222222222099e-01 9.513888888888888395e-01
4.236111111111110494e-01 8.819444444444444198e-01
4.236111111111110494e-01 8.958333333333332593e-01
4.236111111111110494e-01 9.097222222222222099e-01
4.236111111111110494e-01 9.236111111111110494e-01
4.236111111111110494e-01 9.375000000000000000e-01
4.236111111111110494e-01 9.513888888888888395e-01
4.374999999999999445e-01 8.819444444444444198e-01
4.374999999999999445e-01 8.958333333333332593e-01
4.374999999999999445e-01 9.097222222222222099e-01
4.374999999999999445e-01 9.236111111111110494e-01
4.374999999999999445e-01 9.375000000000000000e-01
4.374999999999999445e-01 9.513888888888888395e-01
4.513888888888888395e-01 8.819444444444444198e-01
4.513888888888888395e-01 8.958333333333332593e-01
4.513888888888888395e-01 9.097222222222222099e-01
4.513888888888888395e-01 9.236111111111110494e-01
4.513888888888888395e-01 9.375000000000000000e-01
4.513888888888888395e-01 9.513888888888888395e-01
5.486111111111110494e-01 4.861111111111110494e-02
5.486111111111110494e-01 6.250000000000000000e-02
5.486111111111110494e-01 7.638888888888888118e-02
5.486111111111110494e-01 9.027777777777776236e-02
5.486111111111110494e-01 1.041666666666666574e-01
5.486111111111110494e-01 1.180555555555555525e-01
5.624999999999998890e-01 4.861111111111110494e-02
5.624999999999998890e-01 6.250000000000000000e-02
5.624999999999998890e-01 7.638888888888888118e-02
5.624999999999998890e-01 9.027777777777776236e-02
5.624999999999998890e-01 1.041666666666666574e-01
5.624999999999998890e-01 1.180555555555555525e-01
5.763888888888888395e-01 4.861111111111110494e-02
5.763888888888888395e-01 6.250000000000000000e-02
5.763888888888888395e-01 7.638888888888888118e-02
5.763888888888888395e-01 9.027777777777776236e-02
5.763888888888888395e-01 1.041666666666666574e-01
5.763888888888888395e-01 1.180555555555555525e-01
5.902777777777776791e-01 4.861111111111110494e-02
5.902777777777776791e-01 6.250000000000000000e-02
5.902777777777776791e-01 7.638888888888888118e-02
5.902777777777776791e-01 9.027777777777776236e-02
5.902777777777776791e-01 1.041666666666666574e-01
5.902777777777776791e-01 1.180555555555555525e-01
6.041666666666666297e-01 4.861111111111110494e-02
6.041666666666666297e-01 6.250000000000000000e-02
6.041666666666666297e-01 7.638888888888888118e-02
6.041666666666666297e-01 9.027777777777776236e-02
6.041666666666666297e-01 1.041666666666666574e-01
6.041666666666666297e-01 1.180555555555555525e-01
6.180555555555554692e-01 4.861111111111110494e-02
6.180555555555554692e-01 6.250000000000000000e-02
6.180555555555554692e-01 7.638888888888888118e-02
6.180555555555554692e-01 9.027777777777776236e-02
6.180555555555554692e-01 1.041666666666666574e-01
6.180555555555554692e-01 1.180555555555555525e-01
5.486111111111110494e-01 2.152777777777777901e-01
5.486111111111110494e-01 2.291666666666666574e-01
5.486111111111110494e-01 2.430555555555555525e-01
5.486111111111110494e-01 2.569444444444444198e-01
5.486111111111110494e-01 2.708333333333333148e-01
5.486111111111110494e-01 2.847222222222222099e-01
5.624999999999998890e-01 2.152777777777777901e-01
5.624999999999998890e-01 2.291666666666666574e-01
5.624999999999998890e-01 2.430555555555555525e-01
5.624999999999998890e-01 2.569444444444444198e-01
5.624999999999998890e-01 2.708333333333333148e-01
5.624999999999998890e-01 2.847222222222222099e-01
5.763888888888888395e-01 2.152777777777777901e-01
5.763888888888888395e-01 2.291666666666666574e-01
5.763888888888888395e-01 2.430555555555555525e-01
5.763888888888888395e-01 2.569444444444444198e-01
5.763888888888888395e-01 2.708333333333333148e-01
5.763888888888888395e-01 2.847222222222222099e-01
5.902777777777776791e-01 2.152777777777777901e-01
5.902777777777776791e-01 2.291666666666666574e-01
5.902777777777776791e-01 2.430555555555555525e-01
5.902777777777776791e-01 2.569444444444444198e-01
5.902777777777776791e-01 2.708333333333333148e-01
5.902777777777776791e-01 2.847222222222222099e-01
6.041666666666666297e-01 2.152777777777777901e-01
6.041666666666666297e-01 2.291666666666666574e-01
6.041666666666666297e-01 2.430555555555555525e-01
6.041666666666666297e-01 2.569444444444444198e-01
6.041666666666666297e-01 2.708333333333333148e-01
6.041666666666666297e-01 2.847222222222222099e-01
6.180555555555554692e-01 2.152777777777777901e-01
6.180555555555554692e-01 2.291666666666666574e-01
6.180555555555554692e-01 2.430555555555555525e-01
6.180555555555554692e-01 2.569444444444444198e-01
6.180555555555554692e-01 2.708333333333333148e-01
6.180555555555554692e-01 2.847222222222222099e-01
5.486111111111110494e-01 3.819444444444444198e-01
5.486111111111110494e-01 3.958333333333333148e-01
5.486111111111110494e-01 4.097222222222222099e-01
5.486111111111110494e-01 4.236111111111110494e-01
5.486111111111110494e-01 4.374999999999999445e-01
5.486111111111110494e-01 4.513888888888888395e-01
5.624999999999998890e-01 3.819444444444444198e-01
5.624999999999998890e-01 3.958333333333333148e-01
5.624999999999998890e-01 4.097222222222222099e-01
5.624999999999998890e-01 4.236111111111110494e-01
5.624999999999998890e-01 4.374999999999999445e-01
5.624999999999998890e-01 4.513888888888888395e-01
5.763888888888888395e-01 3.819444444444444198e-01
5.763888888888888395e-01 3.958333333333333148e-01
5.763888888888888395e-01 4.097222222222222099e-01
5.763888888888888395e-01 4.236111111111110494e-01
5.763888888888888395e-01 4.374999999999999445e-01
5.763888888888888395e-01 4.513888888888888395e-01
5.902777777777776791e-01 3.819444444444444198e-01
5.902777777777776791e-01 3.958333333333333148e-01
5.902777777777776791e-01 4.097222222222222099e-01
5.902777777777776791e-01 4.236111111111110494e-01
5.902777777777776791e-01 4.374999999999999445e-01
5.902777777777776791e-01 4.513888888888888395e-01
6.041666666666666297e-01 3.819444444444444198e-01
6.041666666666666297e-01 3.958333333333333148e-01
6.041666666666666297e-01 4.097222222222222099e-01
6.041666666666666297e-01 4.236111111111110494e-01
6.041666666666666297e-01 4.374999999999999445e-01
6.041666666666666297e-01 4.513888888888888395e-01
6.180555555555554692e-01 3.819444444444444198e-01
6.180555555555554692e-01 3.958333333333333148e-01
6.180555555555554692e-01 4.097222222222222099e-01
6.180555555555554692e-01 4.236111111111110494e-01
6.180555555555554692e-01 4.374999999999999445e-01
6.180555555555554692e-01 4.513888888888888395e-01
5.486111111111110494e-01 5.486111111111110494e-01
5.486111111111110494e-01 5.624999999999998890e-01
5.486111111111110494e-01 5.763888888888888395e-01
5.486111111111110494e-01 5.902777777777776791e-01
5.486111111111110494e-01 6.041666666666666297e-01
5.486111111111110494e-01 6.180555555555554692e-01
5.624999999999998890e-01 5.486111111111110494e-01
5.624999999999998890e-01 5.624999999999998890e-01
5.624999999999998890e-01 5.763888888888888395e-01
5.624999999999998890e-01 5.902777777777776791e-01
5.624999999999998890e-01 6.041666666666666297e-01
5.624999999999998890e-01 6.180555555555554692e-01
5.763888888888888395e-01 5.486111111111110494e-01
5.763888888888888395e-01 5.624999999999998890e-01
5.763888888888888395e-01 5.763888888888888395e-01
5.763888888888888395e-01 5.902777777777776791e-01
5.763888888888888395e-01 6.041666666666666297e-01
5.763888888888888395e-01 6.180555555555554692e-01
5.902777777777776791e-01 5.486111111111110494e-01
5.902777777777776791e-01 5.624999999999998890e-01
5.902777777777776791e-01 5.763888888888888395e-01
5.902777777777776791e-01 5.902777777777776791e-01
5.902777777777776791e-01 6.041666666666666297e-01
5.902777777777776791e-01 6.180555555555554692e-01
6.041666666666666297e-01 5.486111111111110494e-01
6.041666666666666297e-01 5.624999999999998890e-01
6.041666666666666297e-01 5.763888888888888395e-01
6.041666666666666297e-01 5.902777777777776791e-01
6.041666666666666297e-01 6.041666666666666297e-01
6.041666666666666297e-01 6.180555555555554692e-01
6.180555555555554692e-01 5.486111111111110494e-01
6.180555555555554692e-01 5.624999999999998890e-01
6.180555555555554692e-01 5.763888888888888395e-01
6.180555555555554692e-01 5.902777777777776791e-01
6.180555555555554692e-01 6.041666666666666297e-01
6.180555555555554692e-01 6.180555555555554692e-01
5.486111111111110494e-01 7.152777777777777901e-01
5.486111111111110494e-01 7.291666666666666297e-01
5.486111111111110494e-01 7.430555555555555802e-01
5.486111111111110494e-01 7.569444444444444198e-01
5.486111111111110494e-01 7.708333333333333703e-01
5.486111111111110494e-01 7.847222222222222099e-01
5.624999999999998890e-01 7.152777777777777901e-01
5.624999999999998890e-01 7.291666666666666297e-01
5.624999999999998890e-01 7.430555555555555802e-01
5.624999999999998890e-01 7.569444444444444198e-01
5.624999999999998890e-01 7.708333333333333703e-01
5.624999999999998890e-01 7.847222222222222099e-01
5.763888888888888395e-01 7.152777777777777901e-01
5.763888888888888395e-01 7.291666666666666297e-01
5.763888888888888395e-01 7.430555555555555802e-01
5.763888888888888395e-01 7.569444444444444198e-01
5.763888888888888395e-01 7.708333333333333703e-01
5.763888888888888395e-01 7.847222222222222099e-01
5.902777777777776791e-01 7.152777777777777901e-01
5.902777777777776791e-01 7.291666666666666297e-01
5.902777777777776791e-01 7.430555555555555802e-01
5.902777777777776791e-01 7.569444444444444198e-01
5.902777777777776791e-01 7.708333333333333703e-01
5.902777777777776791e-01 7.847222222222222099e-01
6.041666666666666297e-01 7.152777777777777901e-01
6.041666666666666297e-01 7.291666666666666297e-01
6.041666666666666297e-01 7.430555555555555802e-01
6.041666666666666297e-01 7.569444444444444198e-01
6.041666666666666297e-01 7.708333333333333703e-01
6.041666666666666297e-01 7.847222222222222099e-01
6.180555555555554692e-01 7.152777777777777901e-01
6.180555555555554692e-01 7.291666666666666297e-01
6.180555555555554692e-01 7.430555555555555802e-01
6.180555555555554692e-01 7.569444444444444198e-01
6.180555555555554692e-01 7.708333333333333703e-01
6.180555555555554692e-01 7.847222222222222099e-01
5.486111111111110494e-01 8.819444444444444198e-01
5.486111111111110494e-01 8.958333333333332593e-01
5.486111111111110494e-01 9.097222222222222099e-01
5.486111111111110494e-01 9.236111111111110494e-01
5.486111111111110494e-01 9.375000000000000000e-01
5.486111111111110494e-01 9.513888888888888395e-01
5.624999999999998890e-01 8.819444444444444198e-01
5.624999999999998890e-01 8.958333333333332593e-01
5.624999999999998890e-01 9.097222222222222099e-01
5.624999999999998890e-01 9.236111111111110494e-01
5.624999999999998890e-01 9.375000000000000000e-01
5.624999999999998890e-01 9.513888888888888395e-01
5.763888888888888395e-01 8.819444444444444198e-01
5.763888888888888395e-01 8.958333333333332593e-01
5.763888888888888395e-01 9.097222222222222099e-01
5.763888888888888395e-01 9.236111111111110494e-01
5.763888888888888395e-01 9.375000000000000000e-01
5.763888888888888395e-01 9.513888888888888395e-01
5.902777777777776791e-01 8.819444444444444198e-01
5.902777777777776791e-01 8.958333333333332593e-01
5.902777777777776791e-01 9.097222222222222099e-01
5.902777777777776791e-01 9.236111111111110494e-01
5.902777777777776791e-01 9.375000000000000000e-01
5.902777777777776791e-01 9.513888888888888395e-01
6.041666666666666297e-01 8.819444444444444198e-01
6.041666666666666297e-01 8.958333333333332593e-01
6.041666666666666297e-01 9.097222222222222099e-01
6.041666666666666297e-01 9.236111111111110494e-01
6.041666666666666297e-01 9.375000000000000000e-01
6.041666666666666297e-01 9.513888888888888395e-01
6.180555555555554692e-01 8.819444444444444198e-01
6.180555555555554692e-01 8.958333333333332593e-01
6.180555555555554692e-01 9.097222222222222099e-01
6.180555555555554692e-01 9.236111111111110494e-01
6.180555555555554692e-01 9.375000000000000000e-01
6.180555555555554692e-01 9.513888888888888395e-01
7.152777777777777901e-01 4.861111111111110494e-02
7.152777777777777901e-01 6.250000000000000000e-02
7.152777777777777901e-01 7.638888888888888118e-02
7.152777777777777901e-01 9.027777777777776236e-02
7.152777777777777901e-01 1.041666666666666574e-01
7.152777777777777901e-01 1.180555555555555525e-01
7.291666666666666297e-01 4.861111111111110494e-02
7.291666666666666297e-01 6.250000000000000000e-02
7.291666666666666297e-01 7.638888888888888118e-02
7.291666666666666297e-01 9.027777777777776236e-02
7.291666666666666297e-01 1.041666666666666574e-01
7.291666666666666297e-01 1.180555555555555525e-01
7.430555555555555802e-01 4.861111111111110494e-02
7.430555555555555802e-01 6.250000000000000000e-02
7.430555555555555802e-01 7.638888888888888118e-02
7.430555555555555802e-01 9.027777777777776236e-02
7.430555555555555802e-01 1.041666666666666574e-01
7.430555555555555802e-01 1.180555555555555525e-01
7.569444444444444198e-01 4.861111111111110494e-02
7.569444444444444198e-01 6.250000000000000000e-02
7.569444444444444198e-01 7.638888888888888118e-02
7.569444444444444198e-01 9.027777777777776236e-02
7.569444444444444198e-01 1.041666666666666574e-01
7.569444444444444198e-01 1.180555555555555525e-01
7.708333333333333703e-01 4.861111111111110494e-02
7.708333333333333703e-01 6.250000000000000000e-02
7.708333333333333703e-01 7.638888888888888118e-02
7.708333333333333703e-01 9.027777777777776236e-02
7.708333333333333703e-01 1.041666666666666574e-01
7.708333333333333703e-01 1.180555555555555525e-01
7.847222222222222099e-01 4.861111111111110494e-02
7.847222222222222099e-01 6.250000000000000000e-02
7.847222222222222099e-01 7.638888888888888118e-02
7.847222222222222099e-01 9.027777777777776236e-02
7.847222222222222099e-01 1.041666666666666574e-01
7.847222222222222099e-01 1.180555555555555525e-01
7.152777777777777901e-01 2.152777777777777901e-01
7.152777777777777901e-01 2.291666666666666574e-01
7.152777777777777901e-01 2.430555555555555525e-01
7.152777777777777901e-01 2.569444444444444198e-01
7.152777777777777901e-01 2.708333333333333148e-01
7.152777777777777901e-01 2.847222222222222099e-01
7.291666666666666297e-01 2.152777777777777901e-01
7.291666666666666297e-01 2.291666666666666574e-01
7.291666666666666297e-01 2.430555555555555525e-01
7.291666666666666297e-01 2.569444444444444198e-01
7.291666666666666297e-01 2.708333333333333148e-01
7.291666666666666297e-01 2.847222222222222099e-01
7.430555555555555802e-01 2.152777777777777901e-01
7.430555555555555802e-01 2.291666666666666574e-01
7.430555555555555802e-01 2.430555555555555525e-01
7.430555555555555802e-01 2.569444444444444198e-01
7.430555555555555802e-01 2.708333333333333148e-01
7.430555555555555802e-01 2.847222222222222099e-01
7.569444444444444198e-01 2.152777777777777901e-01
7.569444444444444198e-01 2.291666666666666574e-01
7.569444444444444198e-01 2.430555555555555525e-01
7.569444444444444198e-01 2.569444444444444198e-01
7.569444444444444198e-01 2.708333333333333148e-01
7.569444444444444198e-01 2.847222222222222099e-01
7.708333333333333703e-01 2.152777777777777901e-01
7.708333333333333703e-01 2.291666666666666574e-01
7.708333333333333703e-01 2.430555555555555525e-01
7.708333333333333703e-01 2.569444444444444198e-01
7.708333333333333703e-01 2.708333333333333148e-01
7.708333333333333703e-01 2.847222222222222099e-01
7.847222222222222099e-01 2.152777777777777901e-01
7.847222222222222099e-01 2.291666666666666574e-01
7.847222222222222099e-01 2.430555555555555525e-01
7.847222222222222099e-01 2.569444444444444198e-01
7.847222222222222099e-01 2.708333333333333148e-01
7.847222222222222099e-01 2.847222222222222099e-01
7.152777777777777901e-01 3.819444444444444198e-01
7.152777777777777901e-01 3.958333333333333148e-01
7.152777777777777901e-01 4.097222222222222099e-01
7.152777777777777901e-01 4.236111111111110494e-01
7.152777777777777901e-01 4.374999999999999445e-01
7.152777777777777901e-01 4.513888888888888395e-01
7.291666666666666297e-01 3.819444444444444198e-01
7.291666666666666297e-01 3.958333333333333148e-01
7.291666666666666297e-01 4.097222222222222099e-01
7.291666666666666297e-01 4.236111111111110494e-01
7.291666666666666297e-01 4.374999999999999445e-01
7.291666666666666297e-01 4.513888888888888395e-01
7.430555555555555802e-01 3.819444444444444198e-01
7.430555555555555802e-01 3.958333333333333148e-01
7.430555555555555802e-01 4.097222222222222099e-01
7.430555555555555802e-01 4.236111111111110494e-01
7.430555555555555802e-01 4.374999999999999445e-01
7.430555555555555802e-01 4.513888888888888395e-01
7.569444444444444198e-01 3.819444444444444198e-01
7.569444444444444198e-01 3.958333333333333148e-01
7.569444444444444198e-01 4.097222222222222099e-01
7.569444444444444198e-01 4.236111111111110494e-01
7.569444444444444198e-01 4.374999999999999445e-01
7.569444444444444198e-01 4.513888888888888395e-01
7.708333333333333703e-01 3.819444444444444198e-01
7.708333333333333703e-01 3.958333333333333148e-01
7.708333333333333703e-01 4.097222222222222099e-01
7.708333333333333703e-01 4.236111111111110494e-01
7.708333333333333703e-01 4.374999999999999445e-01
7.708333333333333703e-01 4.513888888888888395e-01
7.847222222222222099e-01 3.819444444444444198e-01
7.847222222222222099e-01 3.958333333333333148e-01
7.847222222222222099e-01 4.097222222222222099e-01
7.847222222222222099e-01 4.236111111111110494e-01
7.847222222222222099e-01 4.374999999999999445e-01
7.847222222222222099e-01 4.513888888888888395e-01
7.152777777777777901e-01 5.486111111111110494e-01
7.152777777777777901e-01 5.624999999999998890e-01
7.152777777777777901e-01 5.763888888888888395e-01
7.152777777777777901e-01 5.902777777777776791e-01
7.152777777777777901e-01 6.041666666666666297e-01
7.152777777777777901e-01 6.180555555555554692e-01
7.291666666666666297e-01 5.486111111111110494e-01
7.291666666666666297e-01 5.624999999999998890e-01
7.291666666666666297e-01 5.763888888888888395e-01
7.291666666666666297e-01 5.902777777777776791e-01
7.291666666666666297e-01 6.041666666666666297e-01
7.291666666666666297e-01 6.180555555555554692e-01
7.430555555555555802e-01 5.486111111111110494e-01
7.430555555555555802e-01 5.624999999999998890e-01
7.430555555555555802e-01 5.763888888888888395e-01
7.430555555555555802e-01 5.902777777777776791e-01
7.430555555555555802e-01 6.041666666666666297e-01
7.430555555555555802e-01 6.180555555555554692e-01
7.569444444444444198e-01 5.486111111111110494e-01
7.569444444444444198e-01 5.624999999999998890e-01
7.569444444444444198e-01 5.763888888888888395e-01
7.569444444444444198e-01 5.902777777777776791e-01
7.569444444444444198e-01 6.041666666666666297e-01
7.569444444444444198e-01 6.180555555555554692e-01
7.708333333333333703e-01 5.486111111111110494e-01
7.708333333333333703e-01 5.624999999999998890e-01
7.708333333333333703e-01 5.763888888888888395e-01
7.708333333333333703e-01 5.902777777777776791e-01
7.708333333333333703e-01 6.041666666666666297e-01
7.708333333333333703e-01 6.180555555555554692e-01
7.847222222222222099e-01 5.486111111111110494e-01
7.847222222222222099e-01 5.624999999999998890e-01
7.847222222222222099e-01 5.763888888888888395e-01
7.847222222222222099e-01 5.902777777777776791e-01
7.847222222222222099e-01 6.041666666666666297e-01
7.847222222222222099e-01 6.180555555555554692e-01
7.152777777777777901e-01 7.152777777777777901e-01
7.152777777777777901e-01 7.291666666666666297e-01
7.152777777777777901e-01 7.430555555555555802e-01
7.152777777777777901e-01 7.569444444444444198e-01
7.152777777777777901e-01 7.708333333333333703e-01
7.152777777777777901e-01 7.847222222222222099e-01
7.291666666666666297e-01 7.152777777777777901e-01
7.291666666666666297e-01 7.291666666666666297e-01
7.291666666666666297e-01 7.430555555555555802e-01
7.291666666666666297e-01 7.569444444444444198e-01
7.291666666666666297e-01 7.708333333333333703e-01
7.291666666666666297e-01 7.847222222222222099e-01
7.430555555555555802e-01 7.152777777777777901e-01
7.430555555555555802e-01 7.291666666666666297e-01
7.430555555555555802e-01 7.430555555555555802e-01
7.430555555555555802e-01 7.569444444444444198e-01
7.430555555555555802e-01 7.708333333333333703e-01
7.430555555555555802e-01 7.847222222222222099e-01
7.569444444444444198e-01 7.152777777777777901e-01
7.569444444444444198e-01 7.291666666666666297e-01
7.569444444444444198e-01 7.430555555555555802e-01
7.569444444444444198e-01 7.569444444444444198e-01
7.569444444444444198e-01 7.708333333333333703e-01
7.569444444444444198e-01 7.847222222222222099e-01
7.708333333333333703e-01 7.152777777777777901e-01
7.708333333333333703e-01 7.291666666666666297e-01
7.708333333333333703e-01 7.430555555555555802e-01
7.708333333333333703e-01 7.569444444444444198e-01
7.708333333333333703e-01 7.708333333333333703e-01
7.708333333333333703e-01 7.847222222222222099e-01
7.847222222222222099e-01 7.152777777777777901e-01
7.847222222222222099e-01 7.291666666666666297e-01
7.847222222222222099e-01 7.430555555555555802e-01
7.847222222222222099e-01 7.569444444444444198e-01
7.847222222222222099e-01 7.708333333333333703e-01
7.847222222222222099e-01 7.847222222222222099e-01
7.152777777777777901e-01 8.819444444444444198e-01
7.152777777777777901e-01 8.958333333333332593e-01
7.152777777777777901e-01 9.097222222222222099e-01
7.152777777777777901e-01 9.236111111111110494e-01
7.152777777777777901e-01 9.375000000000000000e-01
7.152777777777777901e-01 9.513888888888888395e-01
7.291666666666666297e-01 8.819444444444444198e-01
7.291666666666666297e-01 8.958333333333332593e-01
7.291666666666666297e-01 9.097222222222222099e-01
7.291666666666666297e-01 9.236111111111110494e-01
7.291666666666666297e-01 9.375000000000000000e-01
7.291666666666666297e-01 9.513888888888888395e-01
7.430555555555555802e-01 8.819444444444444198e-01
7.430555555555555802e-01 8.958333333333332593e-01
7.430555555555555802e-01 9.097222222222222099e-01
7.430555555555555802e-01 9.236111111111110494e-01
7.430555555555555802e-01 9.375000000000000000e-01
7.430555555555555802e-01 9.513888888888888395e-01
7.569444444444444198e-01 8.819444444444444198e-01
7.569444444444444198e-01 8.958333333333332593e-01
7.569444444444444198e-01 9.097222222222222099e-01
7.569444444444444198e-01 9.236111111111110494e-01
7.569444444444444198e-01 9.375000000000000000e-01
7.569444444444444198e-01 9.513888888888888395e-01
7.708333333333333703e-01 8.819444444444444198e-01
7.708333333333333703e-01 8.958333333333332593e-01
7.708333333333333703e-01 9.097222222222222099e-01
7.708333333333333703e-01 9.236111111111110494e-01
7.708333333333333703e-01 9.375000000000000000e-01
7.708333333333333703e-01 9.513888888888888395e-01
7.847222222222222099e-01 8.819444444444444198e-01
7.847222222222222099e-01 8.958333333333332593e-01
7.847222222222222099e-01 9.097222222222222099e-01
7.847222222222222099e-01 9.236111111111110494e-01
7.847222222222222099e-01 9.375000000000000000e-01
7.847222222222222099e-01 9.513888888888888395e-01
8.819444444444444198e-01 4.861111111111110494e-02
8.819444444444444198e-01 6.250000000000000000e-02
8.819444444444444198e-01 7.638888888888888118e-02
8.819444444444444198e-01 9.027777777777776236e-02
8.819444444444444198e-01 1.041666666666666574e-01
8.819444444444444198e-01 1.180555555555555525e-01
8.958333333333332593e-01 4.861111111111110494e-02
8.958333333333332593e-01 6.250000000000000000e-02
8.958333333333332593e-01 7.638888888888888118e-02
8.958333333333332593e-01 9.027777777777776236e-02
8.958333333333332593e-01 1.041666666666666574e-01
8.958333333333332593e-01 1.180555555555555525e-01
9.097222222222222099e-01 4.861111111111110494e-02
9.097222222222222099e-01 6.250000000000000000e-02
9.097222222222222099e-01 7.638888888888888118e-02
9.097222222222222099e-01 9.027777777777776236e-02
9.097222222222222099e-01 1.041666666666666574e-01
9.097222222222222099e-01 1.180555555555555525e-01
9.236111111111110494e-01 4.861111111111110494e-02
9.236111111111110494e-01 6.250000000000000000e-02
9.236111111111110494e-01 7.638888888888888118e-02
9.236111111111110494e-01 9.027777777777776236e-02
9.236111111111110494e-01 1.041666666666666574e-01
9.236111111111110494e-01 1.180555555555555525e-01
9.375000000000000000e-01 4.861111111111110494e-02
9.375000000000000000e-01 6.250000000000000000e-02
9.375000000000000000e-01 7.638888888888888118e-02
9.375000000000000000e-01 9.027777777777776236e-02
9.375000000000000000e-01 1.041666666666666574e-01
9.375000000000000000e-01 1.180555555555555525e-01
9.513888888888888395e-01 4.861111111111110494e-02
9.513888888888888395e-01 6.250000000000000000e-02
9.513888888888888395e-01 7.638888888888888118e-02
9.513888888888888395e-01 9.027777777777776236e-02
9.513888888888888395e-01 1.041666666666666574e-01
9.513888888888888395e-01 1.180555555555555525e-01
8.819444444444444198e-01 2.152777777777777901e-01
8.819444444444444198e-01 2.291666666666666574e-01
8.819444444444444198e-01 2.430555555555555525e-01
8.819444444444444198e-01 2.569444444444444198e-01
8.819444444444444198e-01 2.708333333333333148e-01
8.819444444444444198e-01 2.847222222222222099e-01
8.958333333333332593e-01 2.152777777777777901e-01
8.958333333333332593e-01 2.291666666666666574e-01
8.958333333333332593e-01 2.430555555555555525e-01
8.958333333333332593e-01 2.569444444444444198e-01
8.958333333333332593e-01 2.708333333333333148e-01
8.958333333333332593e-01 2.847222222222222099e-01
9.097222222222222099e-01 2.152777777777777901e-01
9.097222222222222099e-01 2.291666666666666574e-01
9.097222222222222099e-01 2.430555555555555525e-01
9.097222222222222099e-01 2.569444444444444198e-01
9.097222222222222099e-01 2.708333333333333148e-01
9.097222222222222099e-01 2.847222222222222099e-01
9.236111111111110494e-01 2.152777777777777901e-01
9.236111111111110494e-01 2.291666666666666574e-01
9.236111111111110494e-01 2.430555555555555525e-01
9.236111111111110494e-01 2.569444444444444198e-01
9.236111111111110494e-01 2.708333333333333148e-01
9.236111111111110494e-01 2.847222222222222099e-01
9.375000000000000000e-01 2.152777777777777901e-01
9.375000000000000000e-01 2.291666666666666574e-01
9.375000000000000000e-01 2.430555555555555525e-01
9.375000000000000000e-01 2.569444444444444198e-01
9.375000000000000000e-01 2.708333333333333148e-01
9.375000000000000000e-01 2.847222222222222099e-01
9.513888888888888395e-01 2.152777777777777901e-01
9.513888888888888395e-01 2.291666666666666574e-01
9.513888888888888395e-01 2.430555555555555525e-01
9.513888888888888395e-01 2.569444444444444198e-01
9.513888888888888395e-01 2.708333333333333148e-01
9.513888888888888395e-01 2.847222222222222099e-01
8.819444444444444198e-01 3.819444444444444198e-01
8.819444444444444198e-01 3.958333333333333148e-01
8.819444444444444198e-01 4.097222222222222099e-01
8.819444444444444198e-01 4.236111111111110494e-01
8.819444444444444198e-01 4.374999999999999445e-01
8.819444444444444198e-01 4.513888888888888395e-01
8.958333333333332593e-01 3.819444444444444198e-01
8.958333333333332593e-01 3.958333333333333148e-01
8.958333333333332593e-01 4.097222222222222099e-01
8.958333333333332593e-01 4.236111111111110494e-01
8.958333333333332593e-01 4.374999999999999445e-01
8.958333333333332593e-01 4.513888888888888395e-01
9.097222222222222099e-01 3.819444444444444198e-01
9.097222222222222099e-01 3.958333333333333148e-01
9.097222222222222099e-01 4.097222222222222099e-01
9.097222222222222099e-01 4.236111111111110494e-01
9.097222222222222099e-01 4.374999999999999445e-01
9.097222222222222099e-01 4.513888888888888395e-01
9.236111111111110494e-01 3.819444444444444198e-01
9.236111111111110494e-01 3.958333333333333148e-01
9.236111111111110494e-01 4.097222222222222099e-01
9.236111111111110494e-01 4.236111111111110494e-01
9.236111111111110494e-01 4.374999999999999445e-01
9.236111111111110494e-01 4.513888888888888395e-01
9.375000000000000000e-01 3.819444444444444198e-01
9.375000000000000000e-01 3.958333333333333148e-01
9.375000000000000000e-01 4.097222222222222099e-01
9.375000000000000000e-01 4.236111111111110494e-01
9.375000000000000000e-01 4.374999999999999445e-01
9.375000000000000000e-01 4.513888888888888395e-01
9.513888888888888395e-01 3.819444444444444198e-01
9.513888888888888395e-01 3.958333333333333148e-01
9.513888888888888395e-01 4.097222222222222099e-01
9.513888888888888395e-01 4.236111111111110494e-01
9.513888888888888395e-01 4.374999999999999445e-01
9.513888888888888395e-01 4.513888888888888395e-01
8.819444444444444198e-01 5.486111111111110494e-01
8.819444444444444198e-01 5.624999999999998890e-01
8.819444444444444198e-01 5.763888888888888395e-01
8.819444444444444198e-01 5.902777777777776791e-01
8.819444444444444198e-01 6.041666666666666297e-01
8.819444444444444198e-01 6.180555555555554692e-01
8.958333333333332593e-01 5.486111111111110494e-01
8.958333333333332593e-01 5.624999999999998890e-01
8.958333333333332593e-01 5.763888888888888395e-01
8.958333333333332593e-01 5.902777777777776791e-01
8.958333333333332593e-01 6.041666666666666297e-01
8.958333333333332593e-01 6.180555555555554692e-01
9.097222222222222099e-01 5.486111111111110494e-01
9.097222222222222099e-01 5.624999999999998890e-01
9.097222222222222099e-01 5.763888888888888395e-01
9.097222222222222099e-01 5.902777777777776791e-01
9.097222222222222099e-01 6.041666666666666297e-01
9.097222222222222099e-01 6.180555555555554692e-01
9.236111111111110494e-01 5.486111111111110494e-01
9.236111111111110494e-01 5.624999999999998890e-01
9.236111111111110494e-01 5.763888888888888395e-01
9.236111111111110494e-01 5.902777777777776791e-01
9.236111111111110494e-01 6.041666666666666297e-01
9.236111111111110494e-01 6.180555555555554692e-01
9.375000000000000000e-01 5.486111111111110494e-01
9.375000000000000000e-01 5.624999999999998890e-01
9.375000000000000000e-01 5.763888888888888395e-01
9.375000000000000000e-01 5.902777777777776791e-01
9.375000000000000000e-01 6.041666666666666297e-01
9.375000000000000000e-01 6.180555555555554692e-01
9.513888888888888395e-01 5.486111111111110494e-01
9.513888888888888395e-01 5.624999999999998890e-01
9.513888888888888395e-01 5.763888888888888395e-01
9.513888888888888395e-01 5.902777777777776791e-01
9.513888888888888395e-01 6.041666666666666297e-01
9.513888888888888395e-01 6.180555555555554692e-01
8.819444444444444198e-01 7.152777777777777901e-01
8.819444444444444198e-01 7.291666666666666297e-01
8.819444444444444198e-01 7.430555555555555802e-01
8.819444444444444198e-01 7.569444444444444198e-01
8.819444444444444198e-01 7.708333333333333703e-01
8.819444444444444198e-01 7.847222222222222099e-01
8.958333333333332593e-01 7.152777777777777901e-01
8.958333333333332593e-01 7.291666666666666297e-01
8.958333333333332593e-01 7.430555555555555802e-01
8.958333333333332593e-01 7.569444444444444198e-01
8.958333333333332593e-01 7.708333333333333703e-01
8.958333333333332593e-01 7.847222222222222099e-01
9.097222222222222099e-01 7.152777777777777901e-01
9.097222222222222099e-01 7.291666666666666297e-01
9.097222222222222099e-01 7.430555555555555802e-01
9.097222222222222099e-01 7.569444444444444198e-01
9.097222222222222099e-01 7.708333333333333703e-01
9.097222222222222099e-01 7.847222222222222099e-01
9.236111111111110494e-01 7.152777777777777901e-01
9.236111111111110494e-01 7.291666666666666297e-01
9.236111111111110494e-01 7.430555555555555802e-01
9.236111111111110494e-01 7.569444444444444198e-01
9.236111111111110494e-01 7.708333333333333703e-01
9.236111111111110494e-01 7.847222222222222099e-01
9.375000000000000000e-01 7.152777777777777901e-01
9.375000000000000000e-01 7.291666666666666297e-01
9.375000000000000000e-01 7.430555555555555802e-01
9.375000000000000000e-01 7.569444444444444198e-01
9.375000000000000000e-01 7.708333333333333703e-01
9.375000000000000000e-01 7.847222222222222099e-01
9.513888888888888395e-01 7.152777777777777901e-01
9.513888888888888395e-01 7.291666666666666297e-01
9.513888888888888395e-01 7.430555555555555802e-01
9.513888888888888395e-01 7.569444444444444198e-01
9.513888888888888395e-01 7.708333333333333703e-01
9.513888888888888395e-01 7.847222222222222099e-01
8.819444444444444198e-01 8.819444444444444198e-01
8.819444444444444198e-01 8.958333333333332593e-01
8.819444444444444198e-01 9.097222222222222099e-01
8.819444444444444198e-01 9.236111111111110494e-01
8.819444444444444198e-01 9.375000000000000000e-01
8.819444444444444198e-01 9.513888888888888395e-01
8.958333333333332593e-01 8.819444444444444198e-01
8.958333333333332593e-01 8.958333333333332593e-01
8.958333333333332593e-01 9.097222222222222099e-01
8.958333333333332593e-01 9.236111111111110494e-01
8.958333333333332593e-01 9.375000000000000000e-01
8.958333333333332593e-01 9.513888888888888395e-01
9.097222222222222099e-01 8.819444444444444198e-01
9.097222222222222099e-01 8.958333333333332593e-01
9.097222222222222099e-01 9.097222222222222099e-01
9.097222222222222099e-01 9.236111111111110494e-01
9.097222222222222099e-01 9.375000000000000000e-01
9.097222222222222099e-01 9.513888888888888395e-01
9.236111111111110494e-01 8.819444444444444198e-01
9.236111111111110494e-01 8.958333333333332593e-01
9.236111111111110494e-01 9.097222222222222099e-01
9.236111111111110494e-01 9.236111111111110494e-01
9.236111111111110494e-01 9.375000000000000000e-01
9.236111111111110494e-01 9.513888888888888395e-01
9.375000000000000000e-01 8.819444444444444198e-01
9.375000000000000000e-01 8.958333333333332593e-01
9.375000000000000000e-01 9.097222222222222099e-01
9.375000000000000000e-01 9.236111111111110494e-01
9.375000000000000000e-01 9.375000000000000000e-01
9.375000000000000000e-01 9.513888888888888395e-01
9.513888888888888395e-01 8.819444444444444198e-01
9.513888888888888395e-01 8.958333333333332593e-01
9.513888888888888395e-01 9.097222222222222099e-01
9.513888888888888395e-01 9.236111111111110494e-01
9.513888888888888395e-01 9.375000000000000000e-01
9.513888888888888395e-01 9.513888888888888395e-01
