1.388888888888889506e-02 1.388888888888889506e-02
1.388888888888889506e-02 4.166666666666668517e-02
1.388888888888889506e-02 6.944444444444441977e-02
1.388888888888889506e-02 9.722222222222220989e-02
1.388888888888889506e-02 1.250000000000000000e-01
1.388888888888889506e-02 1.527777777777777901e-01
1.388888888888889506e-02 1.805555555555555802e-01
1.388888888888889506e-02 2.083333333333333148e-01
1.388888888888889506e-02 2.361111111111111049e-01
1.388888888888889506e-02 2.638888888888888951e-01
1.388888888888889506e-02 2.916666666666666297e-01
1.388888888888889506e-02 3.194444444444444198e-01
1.388888888888889506e-02 3.472222222222222099e-01
1.388888888888889506e-02 3.750000000000000000e-01
1.388888888888889506e-02 4.027777777777777346e-01
1.388888888888889506e-02 4.305555555555555247e-01
1.388888888888889506e-02 4.583333333333333148e-01
1.388888888888889506e-02 4.861111111111111049e-01
1.388888888888889506e-02 5.138888888888888395e-01
1.388888888888889506e-02 5.416666666666666297e-01
1.388888888888889506e-02 5.694444444444444198e-01
1.388888888888889506e-02 5.972222222222222099e-01
1.388888888888889506e-02 6.250000000000000000e-01
1.388888888888889506e-02 6.527777777777777901e-01
1.388888888888889506e-02 6.805555555555554692e-01
1.388888888888889506e-02 7.083333333333332593e-01
1.388888888888889506e-02 7.361111111111110494e-01
1.388888888888889506e-02 7.638888888888888395e-01
1.388888888888889506e-02 7.916666666666666297e-01
1.388888888888889506e-02 8.194444444444444198e-01
1.388888888888889506e-02 8.472222222222222099e-01
1.388888888888889506e-02 8.750000000000000000e-01
1.388888888888889506e-02 9.027777777777776791e-01
1.388888888888889506e-02 9.305555555555554692e-01
1.388888888888889506e-02 9.583333333333332593e-01
1.388888888888889506e-02 9.861111111111110494e-01
4.166666666666668517e-02 1.388888888888889506e-02
4.166666666666668517e-02 4.166666666666668517e-02
4.166666666666668517e-02 6.944444444444441977e-02
4.166666666666668517e-02 9.722222222222220989e-02
4.166666666666668517e-02 1.250000000000000000e-01
4.166666666666668517e-02 1.527777777777777901e-01
4.166666666666668517e-02 1.805555555555555802e-01
4.166666666666668517e-02 2.083333333333333148e-01
4.166666666666668517e-02 2.361111111111111049e-01
4.166666666666668517e-02 2.638888888888888951e-01
4.166666666666668517e-02 2.916666666666666297e-01
4.166666666666668517e-02 3.194444444444444198e-01
4.166666666666668517e-02 3.472222222222222099e-01
4.166666666666668517e-02 3.750000000000000000e-01
4.166666666666668517e-02 4.027777777777777346e-01
4.166666666666668517e-02 4.305555555555555247e-01
4.166666666666668517e-02 4.583333333333333148e-01
4.166666666666668517e-02 4.861111111111111049e-01
4.166666666666668517e-02 5.138888888888888395e-01
4.166666666666668517e-02 5.416666666666666297e-01
4.166666666666668517e-02 5.694444444444444198e-01
4.166666666666668517e-02 5.972222222222222099e-01
4.166666666666668517e-02 6.250000000000000000e-01
4.166666666666668517e-02 6.527777777777777901e-01
4.166666666666668517e-02 6.805555555555554692e-01
4.166666666666668517e-02 7.083333333333332593e-01
4.166666666666668517e-02 7.361111111111110494e-01
4.166666666666668517e-02 7.638888888888888395e-01
4.166666666666668517e-02 7.916666666666666297e-01
4.166666666666668517e-02 8.194444444444444198e-01
4.166666666666668517e-02 8.472222222222222099e-01
4.166666666666668517e-02 8.750000000000000000e-01
4.166666666666668517e-02 9.027777777777776791e-01
4.166666666666668517e-02 9.305555555555554692e-01
4.166666666666668517e-02 9.583333333333332593e-01
4.166666666666668517e-02 9.861111111111110494e-01
6.944444444444441977e-02 1.388888888888889506e-02
6.944444444444441977e-02 4.166666666666668517e-02
6.944444444444441977e-02 6.944444444444441977e-02
6.944444444444441977e-02 9.722222222222220989e-02
6.944444444444441977e-02 1.250000000000000000e-01
6.944444444444441977e-02 1.527777777777777901e-01
6.944444444444441977e-02 1.805555555555555802e-01
6.944444444444441977e-02 2.083333333333333148e-01
6.944444444444441977e-02 2.361111111111111049e-01
6.944444444444441977e-02 2.638888888888888951e-01
6.944444444444441977e-02 2.916666666666666297e-01
6.944444444444441977e-02 3.194444444444444198e-01
6.944444444444441977e-02 3.472222222222222099e-01
6.944444444444441977e-02 3.750000000000000000e-01
6.944444444444441977e-02 4.027777777777777346e-01
6.944444444444441977e-02 4.305555555555555247e-01
6.944444444444441977e-02 4.583333333333333148e-01
6.944444444444441977e-02 4.861111111111111049e-01
6.944444444444441977e-02 5.138888888888888395e-01
6.944444444444441977e-02 5.416666666666666297e-01
6.944444444444441977e-02 5.694444444444444198e-01
6.944444444444441977e-02 5.972222222222222099e-01
6.944444444444441977e-02 6.250000000000000000e-01
6.944444444444441977e-02 6.527777777777777901e-01
6.944444444444441977e-02 6.805555555555554692e-01
6.944444444444441977e-02 7.083333333333332593e-01
6.944444444444441977e-02 7.361111111111110494e-01
6.944444444444441977e-02 7.638888888888888395e-01
6.944444444444441977e-02 7.916666666666666297e-01
6.944444444444441977e-02 8.194444444444444198e-01
6.944444444444441977e-02 8.472222222222222099e-01
6.944444444444441977e-02 8.750000000000000000e-01
6.944444444444441977e-02 9.027777777777776791e-01
6.944444444444441977e-02 9.305555555555554692e-01
6.944444444444441977e-02 9.583333333333332593e-01
6.944444444444441977e-02 9.861111111111110494e-01
9.722222222222220989e-02 1.388888888888889506e-02
9.722222222222220989e-02 4.166666666666668517e-02
9.722222222222220989e-02 6.944444444444441977e-02
9.722222222222220989e-02 9.722222222222220989e-02
9.722222222222220989e-02 1.250000000000000000e-01
9.722222222222220989e-02 1.527777777777777901e-01
9.722222222222220989e-02 1.805555555555555802e-01
9.722222222222220989e-02 2.083333333333333148e-01
9.722222222222220989e-02 2.361111111111111049e-01
9.722222222222220989e-02 2.638888888888888951e-01
9.722222222222220989e-02 2.916666666666666297e-01
9.722222222222220989e-02 3.194444444444444198e-01
9.722222222222220989e-02 3.472222222222222099e-01
9.722222222222220989e-02 3.750000000000000000e-01
9.722222222222220989e-02 4.027777777777777346e-01
9.722222222222220989e-02 4.305555555555555247e-01
9.722222222222220989e-02 4.583333333333333148e-01
9.722222222222220989e-02 4.861111111111111049e-01
9.722222222222220989e-02 5.138888888888888395e-01
9.722222222222220989e-02 5.416666666666666297e-01
9.722222222222220989e-02 5.694444444444444198e-01
9.722222222222220989e-02 5.972222222222222099e-01
9.722222222222220989e-02 6.250000000000000000e-01
9.722222222222220989e-02 6.527777777777777901e-01
9.722222222222220989e-02 6.805555555555554692e-01
9.722222222222220989e-02 7.083333333333332593e-01
9.722222222222220989e-02 7.361111111111110494e-01
9.722222222222220989e-02 7.638888888888888395e-01
9.722222222222220989e-02 7.916666666666666297e-01
9.722222222222220989e-02 8.194444444444444198e-01
9.722222222222220989e-02 8.472222222222222099e-01
9.722222222222220989e-02 8.750000000000000000e-01
9.722222222222220989e-02 9.027777777777776791e-01
9.722222222222220989e-02 9.305555555555554692e-01
9.722222222222220989e-02 9.583333333333332593e-01
9.722222222222220989e-02 9.861111111111110494e-01
1.250000000000000000e-01 1.388888888888889506e-02
1.250000000000000000e-01 4.166666666666668517e-02
1.250000000000000000e-01 6.944444444444441977e-02
1.250000000000000000e-01 9.722222222222220989e-02
1.250000000000000000e-01 1.250000000000000000e-01
1.250000000000000000e-01 1.527777777777777901e-01
1.250000000000000000e-01 1.805555555555555802e-01
1.250000000000000000e-01 2.083333333333333148e-01
1.250000000000000000e-01 2.361111111111111049e-01
1.250000000000000000e-01 2.638888888888888951e-01
1.250000000000000000e-01 2.916666666666666297e-01
1.250000000000000000e-01 3.194444444444444198e-01
1.250000000000000000e-01 3.472222222222222099e-01
1.250000000000000000e-01 3.750000000000000000e-01
1.250000000000000000e-01 4.027777777777777346e-01
1.250000000000000000e-01 4.305555555555555247e-01
1.250000000000000000e-01 4.583333333333333148e-01
1.250000000000000000e-01 4.861111111111111049e-01
1.250000000000000000e-01 5.138888888888888395e-01
1.250000000000000000e-01 5.416666666666666297e-01
1.250000000000000000e-01 5.694444444444444198e-01
1.250000000000000000e-01 5.972222222222222099e-01
1.250000000000000000e-01 6.250000000000000000e-01
1.250000000000000000e-01 6.527777777777777901e-01
1.250000000000000000e-01 6.805555555555554692e-01
1.250000000000000000e-01 7.083333333333332593e-01
1.250000000000000000e-01 7.361111111111110494e-01
1.250000000000000000e-01 7.638888888888888395e-01
1.250000000000000000e-01 7.916666666666666297e-01
1.250000000000000000e-01 8.194444444444444198e-01
1.250000000000000000e-01 8.472222222222222099e-01
1.250000000000000000e-01 8.750000000000000000e-01
1.250000000000000000e-01 9.027777777777776791e-01
1.250000000000000000e-01 9.305555555555554692e-01
1.250000000000000000e-01 9.583333333333332593e-01
1.250000000000000000e-01 9.861111111111110494e-01
1.527777777777777901e-01 1.388888888888889506e-02
1.527777777777777901e-01 4.166666666666668517e-02
1.527777777777777901e-01 6.944444444444441977e-02
1.527777777777777901e-01 9.722222222222220989e-02
1.527777777777777901e-01 1.250000000000000000e-01
1.527777777777777901e-01 1.527777777777777901e-01
1.527777777777777901e-01 1.805555555555555802e-01
1.527777777777777901e-01 2.083333333333333148e-01
1.527777777777777901e-01 2.361111111111111049e-01
1.527777777777777901e-01 2.638888888888888951e-01
1.527777777777777901e-01 2.916666666666666297e-01
1.527777777777777901e-01 3.194444444444444198e-01
1.527777777777777901e-01 3.472222222222222099e-01
1.527777777777777901e-01 3.750000000000000000e-01
1.527777777777777901e-01 4.027777777777777346e-01
1.527777777777777901e-01 4.305555555555555247e-01
1.527777777777777901e-01 4.583333333333333148e-01
1.527777777777777901e-01 4.861111111111111049e-01
1.527777777777777901e-01 5.138888888888888395e-01
1.527777777777777901e-01 5.416666666666666297e-01
1.527777777777777901e-01 5.694444444444444198e-01
1.527777777777777901e-01 5.972222222222222099e-01
1.527777777777777901e-01 6.250000000000000000e-01
1.527777777777777901e-01 6.527777777777777901e-01
1.527777777777777901e-01 6.805555555555554692e-01
1.527777777777777901e-01 7.083333333333332593e-01
1.527777777777777901e-01 7.361111111111110494e-01
1.527777777777777901e-01 7.638888888888888395e-01
1.527777777777777901e-01 7.916666666666666297e-01
1.527777777777777901e-01 8.194444444444444198e-01
1.527777777777777901e-01 8.472222222222222099e-01
1.527777777777777901e-01 8.750000000000000000e-01
1.527777777777777901e-01 9.027777777777776791e-01
1.527777777777777901e-01 9.305555555555554692e-01
1.527777777777777901e-01 9.583333333333332593e-01
1.527777777777777901e-01 9.861111111111110494e-01
1.805555555555555802e-01 1.388888888888889506e-02
1.805555555555555802e-01 4.166666666666668517e-02
1.805555555555555802e-01 6.944444444444441977e-02
1.805555555555555802e-01 9.722222222222220989e-02
1.805555555555555802e-01 1.250000000000000000e-01
1.805555555555555802e-01 1.527777777777777901e-01
1.805555555555555802e-01 1.805555555555555802e-01
1.805555555555555802e-01 2.083333333333333148e-01
1.805555555555555802e-01 2.361111111111111049e-01
1.805555555555555802e-01 2.638888888888888951e-01
1.805555555555555802e-01 2.916666666666666297e-01
1.805555555555555802e-01 3.194444444444444198e-01
1.805555555555555802e-01 3.472222222222222099e-01
1.805555555555555802e-01 3.750000000000000000e-01
1.805555555555555802e-01 4.027777777777777346e-01
1.805555555555555802e-01 4.305555555555555247e-01
1.805555555555555802e-01 4.583333333333333148e-01
1.805555555555555802e-01 4.861111111111111049e-01
1.805555555555555802e-01 5.138888888888888395e-01
1.805555555555555802e-01 5.416666666666666297e-01
1.805555555555555802e-01 5.694444444444444198e-01
1.805555555555555802e-01 5.972222222222222099e-01
1.805555555555555802e-01 6.250000000000000000e-01
1.805555555555555802e-01 6.527777777777777901e-01
1.805555555555555802e-01 6.805555555555554692e-01
1.805555555555555802e-01 7.083333333333332593e-01
1.805555555555555802e-01 7.361111111111110494e-01
1.805555555555555802e-01 7.638888888888888395e-01
1.805555555555555802e-01 7.916666666666666297e-01
1.805555555555555802e-01 8.194444444444444198e-01
1.805555555555555802e-01 8.472222222222222099e-01
1.805555555555555802e-01 8.750000000000000000e-01
1.805555555555555802e-01 9.027777777777776791e-01
1.805555555555555802e-01 9.305555555555554692e-01
1.805555555555555802e-01 9.583333333333332593e-01
1.805555555555555802e-01 9.861111111111110494e-01
2.083333333333333148e-01 1.388888888888889506e-02
2.083333333333333148e-01 4.166666666666668517e-02
2.083333333333333148e-01 6.944444444444441977e-02
2.083333333333333148e-01 9.722222222222220989e-02
2.083333333333333148e-01 1.250000000000000000e-01
2.083333333333333148e-01 1.527777777777777901e-01
2.083333333333333148e-01 1.805555555555555802e-01
2.083333333333333148e-01 2.083333333333333148e-01
2.083333333333333148e-01 2.361111111111111049e-01
2.083333333333333148e-01 2.638888888888888951e-01
2.083333333333333148e-01 2.916666666666666297e-01
2.083333333333333148e-01 3.194444444444444198e-01
2.083333333333333148e-01 3.472222222222222099e-01
2.083333333333333148e-01 3.750000000000000000e-01
2.083333333333333148e-01 4.027777777777777346e-01
2.083333333333333148e-01 4.305555555555555247e-01
2.083333333333333148e-01 4.583333333333333148e-01
2.083333333333333148e-01 4.861111111111111049e-01
2.083333333333333148e-01 5.138888888888888395e-01
2.083333333333333148e-01 5.416666666666666297e-01
2.083333333333333148e-01 5.694444444444444198e-01
2.083333333333333148e-01 5.972222222222222099e-01
2.083333333333333148e-01 6.250000000000000000e-01
2.083333333333333148e-01 6.527777777777777901e-01
2.083333333333333148e-01 6.805555555555554692e-01
2.083333333333333148e-01 7.083333333333332593e-01
2.083333333333333148e-01 7.361111111111110494e-01
2.083333333333333148e-01 7.638888888888888395e-01
2.083333333333333148e-01 7.916666666666666297e-01
2.083333333333333148e-01 8.194444444444444198e-01
2.083333333333333148e-01 8.472222222222222099e-01
2.083333333333333148e-01 8.750000000000000000e-01
2.083333333333333148e-01 9.027777777777776791e-01
2.083333333333333148e-01 9.305555555555554692e-01
2.083333333333333148e-01 9.583333333333332593e-01
2.083333333333333148e-01 9.861111111111110494e-01
2.361111111111111049e-01 1.388888888888889506e-02
2.361111111111111049e-01 4.166666666666668517e-02
2.361111111111111049e-01 6.944444444444441977e-02
2.361111111111111049e-01 9.722222222222220989e-02
2.361111111111111049e-01 1.250000000000000000e-01
2.361111111111111049e-01 1.527777777777777901e-01
2.361111111111111049e-01 1.805555555555555802e-01
2.361111111111111049e-01 2.083333333333333148e-01
2.361111111111111049e-01 2.361111111111111049e-01
2.361111111111111049e-01 2.638888888888888951e-01
2.361111111111111049e-01 2.916666666666666297e-01
2.361111111111111049e-01 3.194444444444444198e-01
2.361111111111111049e-01 3.472222222222222099e-01
2.361111111111111049e-01 3.750000000000000000e-01
2.361111111111111049e-01 4.027777777777777346e-01
2.361111111111111049e-01 4.305555555555555247e-01
2.361111111111111049e-01 4.583333333333333148e-01
2.361111111111111049e-01 4.861111111111111049e-01
2.361111111111111049e-01 5.138888888888888395e-01
2.361111111111111049e-01 5.416666666666666297e-01
2.361111111111111049e-01 5.694444444444444198e-01
2.361111111111111049e-01 5.972222222222222099e-01
2.361111111111111049e-01 6.250000000000000000e-01
2.361111111111111049e-01 6.527777777777777901e-01
2.361111111111111049e-01 6.805555555555554692e-01
2.361111111111111049e-01 7.083333333333332593e-01
2.361111111111111049e-01 7.361111111111110494e-01
2.361111111111111049e-01 7.638888888888888395e-01
2.361111111111111049e-01 7.916666666666666297e-01
2.361111111111111049e-01 8.194444444444444198e-01
2.361111111111111049e-01 8.472222222222222099e-01
2.361111111111111049e-01 8.750000000000000000e-01
2.361111111111111049e-01 9.027777777777776791e-01
2.361111111111111049e-01 9.305555555555554692e-01
2.361111111111111049e-01 9.583333333333332593e-01
2.361111111111111049e-01 9.861111111111110494e-01
2.638888888888888951e-01 1.388888888888889506e-02
2.638888888888888951e-01 4.166666666666668517e-02
2.638888888888888951e-01 6.944444444444441977e-02
2.638888888888888951e-01 9.722222222222220989e-02
2.638888888888888951e-01 1.250000000000000000e-01
2.638888888888888951e-01 1.527777777777777901e-01
2.638888888888888951e-01 1.805555555555555802e-01
2.638888888888888951e-01 2.083333333333333148e-01
2.638888888888888951e-01 2.361111111111111049e-01
2.638888888888888951e-01 2.638888888888888951e-01
2.638888888888888951e-01 2.916666666666666297e-01
2.638888888888888951e-01 3.194444444444444198e-01
2.638888888888888951e-01 3.472222222222222099e-01
2.638888888888888951e-01 3.750000000000000000e-01
2.638888888888888951e-01 4.027777777777777346e-01
2.638888888888888951e-01 4.305555555555555247e-01
2.638888888888888951e-01 4.583333333333333148e-01
2.638888888888888951e-01 4.861111111111111049e-01
2.638888888888888951e-01 5.138888888888888395e-01
2.638888888888888951e-01 5.416666666666666297e-01
2.638888888888888951e-01 5.694444444444444198e-01
2.638888888888888951e-01 5.972222222222222099e-01
2.638888888888888951e-01 6.250000000000000000e-01
2.638888888888888951e-01 6.527777777777777901e-01
2.638888888888888951e-01 6.805555555555554692e-01
2.638888888888888951e-01 7.083333333333332593e-01
2.638888888888888951e-01 7.361111111111110494e-01
2.638888888888888951e-01 7.638888888888888395e-01
2.638888888888888951e-01 7.916666666666666297e-01
2.638888888888888951e-01 8.194444444444444198e-01
2.638888888888888951e-01 8.472222222222222099e-01
2.638888888888888951e-01 8.750000000000000000e-01
2.638888888888888951e-01 9.027777777777776791e-01
2.638888888888888951e-01 9.305555555555554692e-01
2.638888888888888951e-01 9.583333333333332593e-01
2.638888888888888951e-01 9.861111111111110494e-01
2.916666666666666297e-01 1.388888888888889506e-02
2.916666666666666297e-01 4.166666666666668517e-02
2.916666666666666297e-01 6.944444444444441977e-02
2.916666666666666297e-01 9.722222222222220989e-02
2.916666666666666297e-01 1.250000000000000000e-01
2.916666666666666297e-01 1.527777777777777901e-01
2.916666666666666297e-01 1.805555555555555802e-01
2.916666666666666297e-01 2.083333333333333148e-01
2.916666666666666297e-01 2.361111111111111049e-01
2.916666666666666297e-01 2.638888888888888951e-01
2.916666666666666297e-01 2.916666666666666297e-01
2.916666666666666297e-01 3.194444444444444198e-01
2.916666666666666297e-01 3.472222222222222099e-01
2.916666666666666297e-01 3.750000000000000000e-01
2.916666666666666297e-01 4.027777777777777346e-01
2.916666666666666297e-01 4.305555555555555247e-01
2.916666666666666297e-01 4.583333333333333148e-01
2.916666666666666297e-01 4.861111111111111049e-01
2.916666666666666297e-01 5.138888888888888395e-01
2.916666666666666297e-01 5.416666666666666297e-01
2.916666666666666297e-01 5.694444444444444198e-01
2.916666666666666297e-01 5.972222222222222099e-01
2.916666666666666297e-01 6.250000000000000000e-01
2.916666666666666297e-01 6.527777777777777901e-01
2.916666666666666297e-01 6.805555555555554692e-01
2.916666666666666297e-01 7.083333333333332593e-01
2.916666666666666297e-01 7.361111111111110494e-01
2.916666666666666297e-01 7.638888888888888395e-01
2.916666666666666297e-01 7.916666666666666297e-01
2.916666666666666297e-01 8.194444444444444198e-01
2.916666666666666297e-01 8.472222222222222099e-01
2.916666666666666297e-01 8.750000000000000000e-01
2.916666666666666297e-01 9.027777777777776791e-01
2.916666666666666297e-01 9.305555555555554692e-01
2.916666666666666297e-01 9.583333333333332593e-01
2.916666666666666297e-01 9.861111111111110494e-01
3.194444444444444198e-01 1.388888888888889506e-02
3.194444444444444198e-01 4.166666666666668517e-02
3.194444444444444198e-01 6.944444444444441977e-02
3.194444444444444198e-01 9.722222222222220989e-02
3.194444444444444198e-01 1.250000000000000000e-01
3.194444444444444198e-01 1.527777777777777901e-01
3.194444444444444198e-01 1.805555555555555802e-01
3.194444444444444198e-01 2.083333333333333148e-01
3.194444444444444198e-01 2.361111111111111049e-01
3.194444444444444198e-01 2.638888888888888951e-01
3.194444444444444198e-01 2.916666666666666297e-01
3.194444444444444198e-01 3.194444444444444198e-01
3.194444444444444198e-01 3.472222222222222099e-01
3.194444444444444198e-01 3.750000000000000000e-01
3.194444444444444198e-01 4.027777777777777346e-01
3.194444444444444198e-01 4.305555555555555247e-01
3.194444444444444198e-01 4.583333333333333148e-01
3.194444444444444198e-01 4.861111111111111049e-01
3.194444444444444198e-01 5.138888888888888395e-01
3.194444444444444198e-01 5.416666666666666297e-01
3.194444444444444198e-01 5.694444444444444198e-01
3.194444444444444198e-01 5.972222222222222099e-01
3.194444444444444198e-01 6.250000000000000000e-01
3.194444444444444198e-01 6.527777777777777901e-01
3.194444444444444198e-01 6.805555555555554692e-01
3.194444444444444198e-01 7.083333333333332593e-01
3.194444444444444198e-01 7.361111111111110494e-01
3.194444444444444198e-01 7.638888888888888395e-01
3.194444444444444198e-01 7.916666666666666297e-01
3.194444444444444198e-01 8.194444444444444198e-01
3.194444444444444198e-01 8.472222222222222099e-01
3.194444444444444198e-01 8.750000000000000000e-01
3.194444444444444198e-01 9.027777777777776791e-01
3.194444444444444198e-01 9.305555555555554692e-01
3.194444444444444198e-01 9.583333333333332593e-01
3.194444444444444198e-01 9.861111111111110494e-01
3.472222222222222099e-01 1.388888888888889506e-02
3.472222222222222099e-01 4.166666666666668517e-02
3.472222222222222099e-01 6.944444444444441977e-02
3.472222222222222099e-01 9.722222222222220989e-02
3.472222222222222099e-01 1.250000000000000000e-01
3.472222222222222099e-01 1.527777777777777901e-01
3.472222222222222099e-01 1.805555555555555802e-01
3.472222222222222099e-01 2.083333333333333148e-01
3.472222222222222099e-01 2.361111111111111049e-01
3.472222222222222099e-01 2.638888888888888951e-01
3.472222222222222099e-01 2.916666666666666297e-01
3.472222222222222099e-01 3.194444444444444198e-01
3.472222222222222099e-01 3.472222222222222099e-01
3.472222222222222099e-01 3.750000000000000000e-01
3.472222222222222099e-01 4.027777777777777346e-01
3.472222222222222099e-01 4.305555555555555247e-01
3.472222222222222099e-01 4.583333333333333148e-01
3.472222222222222099e-01 4.861111111111111049e-01
3.472222222222222099e-01 5.138888888888888395e-01
3.472222222222222099e-01 5.416666666666666297e-01
3.472222222222222099e-01 5.694444444444444198e-01
3.472222222222222099e-01 5.972222222222222099e-01
3.472222222222222099e-01 6.250000000000000000e-01
3.472222222222222099e-01 6.527777777777777901e-01
3.472222222222222099e-01 6.805555555555554692e-01
3.472222222222222099e-01 7.083333333333332593e-01
3.472222222222222099e-01 7.361111111111110494e-01
3.472222222222222099e-01 7.638888888888888395e-01
3.472222222222222099e-01 7.916666666666666297e-01
3.472222222222222099e-01 8.194444444444444198e-01
3.472222222222222099e-01 8.472222222222222099e-01
3.472222222222222099e-01 8.750000000000000000e-01
3.472222222222222099e-01 9.027777777777776791e-01
3.472222222222222099e-01 9.305555555555554692e-01
3.472222222222222099e-01 9.583333333333332593e-01
3.472222222222222099e-01 9.861111111111110494e-01
3.750000000000000000e-01 1.388888888888889506e-02
3.750000000000000000e-01 4.166666666666668517e-02
3.750000000000000000e-01 6.944444444444441977e-02
3.750000000000000000e-01 9.722222222222220989e-02
3.750000000000000000e-01 1.250000000000000000e-01
3.750000000000000000e-01 1.527777777777777901e-01
3.750000000000000000e-01 1.805555555555555802e-01
3.750000000000000000e-01 2.083333333333333148e-01
3.750000000000000000e-01 2.361111111111111049e-01
3.750000000000000000e-01 2.638888888888888951e-01
3.750000000000000000e-01 2.916666666666666297e-01
3.750000000000000000e-01 3.194444444444444198e-01
3.750000000000000000e-01 3.472222222222222099e-01
3.750000000000000000e-01 3.750000000000000000e-01
3.750000000000000000e-01 4.027777777777777346e-01
3.750000000000000000e-01 4.305555555555555247e-01
3.750000000000000000e-01 4.583333333333333148e-01
3.750000000000000000e-01 4.861111111111111049e-01
3.750000000000000000e-01 5.138888888888888395e-01
3.750000000000000000e-01 5.416666666666666297e-01
3.750000000000000000e-01 5.694444444444444198e-01
3.750000000000000000e-01 5.972222222222222099e-01
3.750000000000000000e-01 6.250000000000000000e-01
3.750000000000000000e-01 6.527777777777777901e-01
3.750000000000000000e-01 6.805555555555554692e-01
3.750000000000000000e-01 7.083333333333332593e-01
3.750000000000000000e-01 7.361111111111110494e-01
3.750000000000000000e-01 7.638888888888888395e-01
3.750000000000000000e-01 7.916666666666666297e-01
3.750000000000000000e-01 8.194444444444444198e-01
3.750000000000000000e-01 8.472222222222222099e-01
3.750000000000000000e-01 8.750000000000000000e-01
3.750000000000000000e-01 9.027777777777776791e-01
3.750000000000000000e-01 9.305555555555554692e-01
3.750000000000000000e-01 9.583333333333332593e-01
3.750000000000000000e-01 9.861111111111110494e-01
4.027777777777777346e-01 1.388888888888889506e-02
4.027777777777777346e-01 4.166666666666668517e-02
4.027777777777777346e-01 6.944444444444441977e-02
4.027777777777777346e-01 9.722222222222220989e-02
4.027777777777777346e-01 1.250000000000000000e-01
4.027777777777777346e-01 1.527777777777777901e-01
4.027777777777777346e-01 1.805555555555555802e-01
4.027777777777777346e-01 2.083333333333333148e-01
4.027777777777777346e-01 2.361111111111111049e-01
4.027777777777777346e-01 2.638888888888888951e-01
4.027777777777777346e-01 2.916666666666666297e-01
4.027777777777777346e-01 3.194444444444444198e-01
4.027777777777777346e-01 3.472222222222222099e-01
4.027777777777777346e-01 3.750000000000000000e-01
4.027777777777777346e-01 4.027777777777777346e-01
4.027777777777777346e-01 4.305555555555555247e-01
4.027777777777777346e-01 4.583333333333333148e-01
4.027777777777777346e-01 4.861111111111111049e-01
4.027777777777777346e-01 5.138888888888888395e-01
4.027777777777777346e-01 5.416666666666666297e-01
4.027777777777777346e-01 5.694444444444444198e-01
4.027777777777777346e-01 5.972222222222222099e-01
4.027777777777777346e-01 6.250000000000000000e-01
4.027777777777777346e-01 6.527777777777777901e-01
4.027777777777777346e-01 6.805555555555554692e-01
4.027777777777777346e-01 7.083333333333332593e-01
4.027777777777777346e-01 7.361111111111110494e-01
4.027777777777777346e-01 7.638888888888888395e-01
4.027777777777777346e-01 7.916666666666666297e-01
4.027777777777777346e-01 8.194444444444444198e-01
4.027777777777777346e-01 8.472222222222222099e-01
4.027777777777777346e-01 8.750000000000000000e-01
4.027777777777777346e-01 9.027777777777776791e-01
4.027777777777777346e-01 9.305555555555554692e-01
4.027777777777777346e-01 9.583333333333332593e-01
4.027777777777777346e-01 9.861111111111110494e-01
4.305555555555555247e-01 1.388888888888889506e-02
4.305555555555555247e-01 4.166666666666668517e-02
4.305555555555555247e-01 6.944444444444441977e-02
4.305555555555555247e-01 9.722222222222220989e-02
4.305555555555555247e-01 1.250000000000000000e-01
4.305555555555555247e-01 1.527777777777777901e-01
4.305555555555555247e-01 1.805555555555555802e-01
4.305555555555555247e-01 2.083333333333333148e-01
4.305555555555555247e-01 2.361111111111111049e-01
4.305555555555555247e-01 2.638888888888888951e-01
4.305555555555555247e-01 2.916666666666666297e-01
4.305555555555555247e-01 3.194444444444444198e-01
4.305555555555555247e-01 3.472222222222222099e-01
4.305555555555555247e-01 3.750000000000000000e-01
4.305555555555555247e-01 4.027777777777777346e-01
4.305555555555555247e-01 4.305555555555555247e-01
4.305555555555555247e-01 4.583333333333333148e-01
4.305555555555555247e-01 4.861111111111111049e-01
4.305555555555555247e-01 5.138888888888888395e-01
4.305555555555555247e-01 5.416666666666666297e-01
4.305555555555555247e-01 5.694444444444444198e-01
4.305555555555555247e-01 5.972222222222222099e-01
4.305555555555555247e-01 6.250000000000000000e-01
4.305555555555555247e-01 6.527777777777777901e-01
4.305555555555555247e-01 6.805555555555554692e-01
4.305555555555555247e-01 7.083333333333332593e-01
4.305555555555555247e-01 7.361111111111110494e-01
4.305555555555555247e-01 7.638888888888888395e-01
4.305555555555555247e-01 7.916666666666666297e-01
4.305555555555555247e-01 8.194444444444444198e-01
4.305555555555555247e-01 8.472222222222222099e-01
4.305555555555555247e-01 8.750000000000000000e-01
4.305555555555555247e-01 9.027777777777776791e-01
4.305555555555555247e-01 9.305555555555554692e-01
4.305555555555555247e-01 9.583333333333332593e-01
4.305555555555555247e-01 9.861111111111110494e-01
4.583333333333333148e-01 1.388888888888889506e-02
4.583333333333333148e-01 4.166666666666668517e-02
4.583333333333333148e-01 6.944444444444441977e-02
4.583333333333333148e-01 9.722222222222220989e-02
4.583333333333333148e-01 1.250000000000000000e-01
4.583333333333333148e-01 1.527777777777777901e-01
4.583333333333333148e-01 1.805555555555555802e-01
4.583333333333333148e-01 2.083333333333333148e-01
4.583333333333333148e-01 2.361111111111111049e-01
4.583333333333333148e-01 2.638888888888888951e-01
4.583333333333333148e-01 2.916666666666666297e-01
4.583333333333333148e-01 3.194444444444444198e-01
4.583333333333333148e-01 3.472222222222222099e-01
4.583333333333333148e-01 3.750000000000000000e-01
4.583333333333333148e-01 4.027777777777777346e-01
4.583333333333333148e-01 4.305555555555555247e-01
4.583333333333333148e-01 4.583333333333333148e-01
4.583333333333333148e-01 4.861111111111111049e-01
4.583333333333333148e-01 5.138888888888888395e-01
4.583333333333333148e-01 5.416666666666666297e-01
4.583333333333333148e-01 5.694444444444444198e-01
4.583333333333333148e-01 5.972222222222222099e-01
4.583333333333333148e-01 6.250000000000000000e-01
4.583333333333333148e-01 6.527777777777777901e-01
4.583333333333333148e-01 6.805555555555554692e-01
4.583333333333333148e-01 7.083333333333332593e-01
4.583333333333333148e-01 7.361111111111110494e-01
4.583333333333333148e-01 7.638888888888888395e-01
4.583333333333333148e-01 7.916666666666666297e-01
4.583333333333333148e-01 8.194444444444444198e-01
4.583333333333333148e-01 8.472222222222222099e-01
4.583333333333333148e-01 8.750000000000000000e-01
4.583333333333333148e-01 9.027777777777776791e-01
4.583333333333333148e-01 9.305555555555554692e-01
4.583333333333333148e-01 9.583333333333332593e-01
4.583333333333333148e-01 9.861111111111110494e-01
4.861111111111111049e-01 1.388888888888889506e-02
4.861111111111111049e-01 4.166666666666668517e-02
4.861111111111111049e-01 6.944444444444441977e-02
4.861111111111111049e-01 9.722222222222220989e-02
4.861111111111111049e-01 1.250000000000000000e-01
4.861111111111111049e-01 1.527777777777777901e-01
4.861111111111111049e-01 1.805555555555555802e-01
4.861111111111111049e-01 2.083333333333333148e-01
4.861111111111111049e-01 2.361111111111111049e-01
4.861111111111111049e-01 2.638888888888888951e-01
4.861111111111111049e-01 2.916666666666666297e-01
4.861111111111111049e-01 3.194444444444444198e-01
4.861111111111111049e-01 3.472222222222222099e-01
4.861111111111111049e-01 3.750000000000000000e-01
4.861111111111111049e-01 4.027777777777777346e-01
4.861111111111111049e-01 4.305555555555555247e-01
4.861111111111111049e-01 4.583333333333333148e-01
4.861111111111111049e-01 4.861111111111111049e-01
4.861111111111111049e-01 5.138888888888888395e-01
4.861111111111111049e-01 5.416666666666666297e-01
4.861111111111111049e-01 5.694444444444444198e-01
4.861111111111111049e-01 5.972222222222222099e-01
4.861111111111111049e-01 6.250000000000000000e-01
4.861111111111111049e-01 6.527777777777777901e-01
4.861111111111111049e-01 6.805555555555554692e-01
4.861111111111111049e-01 7.083333333333332593e-01
4.861111111111111049e-01 7.361111111111110494e-01
4.861111111111111049e-01 7.638888888888888395e-01
4.861111111111111049e-01 7.916666666666666297e-01
4.861111111111111049e-01 8.194444444444444198e-01
4.861111111111111049e-01 8.472222222222222099e-01
4.861111111111111049e-01 8.750000000000000000e-01
4.861111111111111049e-01 9.027777777777776791e-01
4.861111111111111049e-01 9.305555555555554692e-01
4.861111111111111049e-01 9.583333333333332593e-01
4.861111111111111049e-01 9.861111111111110494e-01
5.138888888888888395e-01 1.388888888888889506e-02
5.138888888888888395e-01 4.166666666666668517e-02
5.138888888888888395e-01 6.944444444444441977e-02
5.138888888888888395e-01 9.722222222222220989e-02
5.138888888888888395e-01 1.250000000000000000e-01
5.138888888888888395e-01 1.527777777777777901e-01
5.138888888888888395e-01 1.805555555555555802e-01
5.138888888888888395e-01 2.083333333333333148e-01
5.138888888888888395e-01 2.361111111111111049e-01
5.138888888888888395e-01 2.638888888888888951e-01
5.138888888888888395e-01 2.916666666666666297e-01
5.138888888888888395e-01 3.194444444444444198e-01
5.138888888888888395e-01 3.472222222222222099e-01
5.138888888888888395e-01 3.750000000000000000e-01
5.138888888888888395e-01 4.027777777777777346e-01
5.138888888888888395e-01 4.305555555555555247e-01
5.138888888888888395e-01 4.583333333333333148e-01
5.138888888888888395e-01 4.861111111111111049e-01
5.138888888888888395e-01 5.138888888888888395e-01
5.138888888888888395e-01 5.416666666666666297e-01
5.138888888888888395e-01 5.694444444444444198e-01
5.138888888888888395e-01 5.972222222222222099e-01
5.138888888888888395e-01 6.250000000000000000e-01
5.138888888888888395e-01 6.527777777777777901e-01
5.138888888888888395e-01 6.805555555555554692e-01
5.138888888888888395e-01 7.083333333333332593e-01
5.138888888888888395e-01 7.361111111111110494e-01
5.138888888888888395e-01 7.638888888888888395e-01
5.138888888888888395e-01 7.916666666666666297e-01
5.138888888888888395e-01 8.194444444444444198e-01
5.138888888888888395e-01 8.472222222222222099e-01
5.138888888888888395e-01 8.750000000000000000e-01
5.138888888888888395e-01 9.027777777777776791e-01
5.138888888888888395e-01 9.305555555555554692e-01
5.138888888888888395e-01 9.583333333333332593e-01
5.138888888888888395e-01 9.861111111111110494e-01
5.416666666666666297e-01 1.388888888888889506e-02
5.416666666666666297e-01 4.166666666666668517e-02
5.416666666666666297e-01 6.944444444444441977e-02
5.416666666666666297e-01 9.722222222222220989e-02
5.416666666666666297e-01 1.250000000000000000e-01
5.416666666666666297e-01 1.527777777777777901e-01
5.416666666666666297e-01 1.805555555555555802e-01
5.416666666666666297e-01 2.083333333333333148e-01
5.416666666666666297e-01 2.361111111111111049e-01
5.416666666666666297e-01 2.638888888888888951e-01
5.416666666666666297e-01 2.916666666666666297e-01
5.416666666666666297e-01 3.194444444444444198e-01
5.416666666666666297e-01 3.472222222222222099e-01
5.416666666666666297e-01 3.750000000000000000e-01
5.416666666666666297e-01 4.027777777777777346e-01
5.416666666666666297e-01 4.305555555555555247e-01
5.416666666666666297e-01 4.583333333333333148e-01
5.416666666666666297e-01 4.861111111111111049e-01
5.416666666666666297e-01 5.138888888888888395e-01
5.416666666666666297e-01 5.416666666666666297e-01
5.416666666666666297e-01 5.694444444444444198e-01
5.416666666666666297e-01 5.972222222222222099e-01
5.416666666666666297e-01 6.250000000000000000e-01
5.416666666666666297e-01 6.527777777777777901e-01
5.416666666666666297e-01 6.805555555555554692e-01
5.416666666666666297e-01 7.083333333333332593e-01
5.416666666666666297e-01 7.361111111111110494e-01
5.416666666666666297e-01 7.638888888888888395e-01
5.416666666666666297e-01 7.916666666666666297e-01
5.416666666666666297e-01 8.194444444444444198e-01
5.416666666666666297e-01 8.472222222222222099e-01
5.416666666666666297e-01 8.750000000000000000e-01
5.416666666666666297e-01 9.027777777777776791e-01
5.416666666666666297e-01 9.305555555555554692e-01
5.416666666666666297e-01 9.583333333333332593e-01
5.416666666666666297e-01 9.861111111111110494e-01
5.694444444444444198e-01 1.388888888888889506e-02
5.694444444444444198e-01 4.166666666666668517e-02
5.694444444444444198e-01 6.944444444444441977e-02
5.694444444444444198e-01 9.722222222222220989e-02
5.694444444444444198e-01 1.250000000000000000e-01
5.694444444444444198e-01 1.527777777777777901e-01
5.694444444444444198e-01 1.805555555555555802e-01
5.694444444444444198e-01 2.083333333333333148e-01
5.694444444444444198e-01 2.361111111111111049e-01
5.694444444444444198e-01 2.638888888888888951e-01
5.694444444444444198e-01 2.916666666666666297e-01
5.694444444444444198e-01 3.194444444444444198e-01
5.694444444444444198e-01 3.472222222222222099e-01
5.694444444444444198e-01 3.750000000000000000e-01
5.694444444444444198e-01 4.027777777777777346e-01
5.694444444444444198e-01 4.305555555555555247e-01
5.694444444444444198e-01 4.583333333333333148e-01
5.694444444444444198e-01 4.861111111111111049e-01
5.694444444444444198e-01 5.138888888888888395e-01
5.694444444444444198e-01 5.416666666666666297e-01
5.694444444444444198e-01 5.694444444444444198e-01
5.694444444444444198e-01 5.972222222222222099e-01
5.694444444444444198e-01 6.250000000000000000e-01
5.694444444444444198e-01 6.527777777777777901e-01
5.694444444444444198e-01 6.805555555555554692e-01
5.694444444444444198e-01 7.083333333333332593e-01
5.694444444444444198e-01 7.361111111111110494e-01
5.694444444444444198e-01 7.638888888888888395e-01
5.694444444444444198e-01 7.916666666666666297e-01
5.694444444444444198e-01 8.194444444444444198e-01
5.694444444444444198e-01 8.472222222222222099e-01
5.694444444444444198e-01 8.750000000000000000e-01
5.694444444444444198e-01 9.027777777777776791e-01
5.694444444444444198e-01 9.305555555555554692e-01
5.694444444444444198e-01 9.583333333333332593e-01
5.694444444444444198e-01 9.861111111111110494e-01
5.972222222222222099e-01 1.388888888888889506e-02
5.972222222222222099e-01 4.166666666666668517e-02
5.972222222222222099e-01 6.944444444444441977e-02
5.972222222222222099e-01 9.722222222222220989e-02
5.972222222222222099e-01 1.250000000000000000e-01
5.972222222222222099e-01 1.527777777777777901e-01
5.972222222222222099e-01 1.805555555555555802e-01
5.972222222222222099e-01 2.083333333333333148e-01
5.972222222222222099e-01 2.361111111111111049e-01
5.972222222222222099e-01 2.638888888888888951e-01
5.972222222222222099e-01 2.916666666666666297e-01
5.972222222222222099e-01 3.194444444444444198e-01
5.972222222222222099e-01 3.472222222222222099e-01
5.972222222222222099e-01 3.750000000000000000e-01
5.972222222222222099e-01 4.027777777777777346e-01
5.972222222222222099e-01 4.305555555555555247e-01
5.972222222222222099e-01 4.583333333333333148e-01
5.972222222222222099e-01 4.861111111111111049e-01
5.972222222222222099e-01 5.138888888888888395e-01
5.972222222222222099e-01 5.416666666666666297e-01
5.972222222222222099e-01 5.694444444444444198e-01
5.972222222222222099e-01 5.972222222222222099e-01
5.972222222222222099e-01 6.250000000000000000e-01
5.972222222222222099e-01 6.527777777777777901e-01
5.972222222222222099e-01 6.805555555555554692e-01
5.972222222222222099e-01 7.083333333333332593e-01
5.972222222222222099e-01 7.361111111111110494e-01
5.972222222222222099e-01 7.638888888888888395e-01
5.972222222222222099e-01 7.916666666666666297e-01
5.972222222222222099e-01 8.194444444444444198e-01
5.972222222222222099e-01 8.472222222222222099e-01
5.972222222222222099e-01 8.750000000000000000e-01
5.972222222222222099e-01 9.027777777777776791e-01
5.972222222222222099e-01 9.305555555555554692e-01
5.972222222222222099e-01 9.583333333333332593e-01
5.972222222222222099e-01 9.861111111111110494e-01
6.250000000000000000e-01 1.388888888888889506e-02
6.250000000000000000e-01 4.166666666666668517e-02
6.250000000000000000e-01 6.944444444444441977e-02
6.250000000000000000e-01 9.722222222222220989e-02
6.250000000000000000e-01 1.250000000000000000e-01
6.250000000000000000e-01 1.527777777777777901e-01
6.250000000000000000e-01 1.805555555555555802e-01
6.250000000000000000e-01 2.083333333333333148e-01
6.250000000000000000e-01 2.361111111111111049e-01
6.250000000000000000e-01 2.638888888888888951e-01
6.250000000000000000e-01 2.916666666666666297e-01
6.250000000000000000e-01 3.194444444444444198e-01
6.250000000000000000e-01 3.472222222222222099e-01
6.250000000000000000e-01 3.750000000000000000e-01
6.250000000000000000e-01 4.027777777777777346e-01
6.250000000000000000e-01 4.305555555555555247e-01
6.250000000000000000e-01 4.583333333333333148e-01
6.250000000000000000e-01 4.861111111111111049e-01
6.250000000000000000e-01 5.138888888888888395e-01
6.250000000000000000e-01 5.416666666666666297e-01
6.250000000000000000e-01 5.694444444444444198e-01
6.250000000000000000e-01 5.972222222222222099e-01
6.250000000000000000e-01 6.250000000000000000e-01
6.250000000000000000e-01 6.527777777777777901e-01
6.250000000000000000e-01 6.805555555555554692e-01
6.250000000000000000e-01 7.083333333333332593e-01
6.250000000000000000e-01 7.361111111111110494e-01
6.250000000000000000e-01 7.638888888888888395e-01
6.250000000000000000e-01 7.916666666666666297e-01
6.250000000000000000e-01 8.194444444444444198e-01
6.250000000000000000e-01 8.472222222222222099e-01
6.250000000000000000e-01 8.750000000000000000e-01
6.250000000000000000e-01 9.027777777777776791e-01
6.250000000000000000e-01 9.305555555555554692e-01
6.250000000000000000e-01 9.583333333333332593e-01
6.250000000000000000e-01 9.861111111111110494e-01
6.527777777777777901e-01 1.388888888888889506e-02
6.527777777777777901e-01 4.166666666666668517e-02
6.527777777777777901e-01 6.944444444444441977e-02
6.527777777777777901e-01 9.722222222222220989e-02
6.527777777777777901e-01 1.250000000000000000e-01
6.527777777777777901e-01 1.527777777777777901e-01
6.527777777777777901e-01 1.805555555555555802e-01
6.527777777777777901e-01 2.083333333333333148e-01
6.527777777777777901e-01 2.361111111111111049e-01
6.527777777777777901e-01 2.638888888888888951e-01
6.527777777777777901e-01 2.916666666666666297e-01
6.527777777777777901e-01 3.194444444444444198e-01
6.527777777777777901e-01 3.472222222222222099e-01
6.527777777777777901e-01 3.750000000000000000e-01
6.527777777777777901e-01 4.027777777777777346e-01
6.527777777777777901e-01 4.305555555555555247e-01
6.527777777777777901e-01 4.583333333333333148e-01
6.527777777777777901e-01 4.861111111111111049e-01
6.527777777777777901e-01 5.138888888888888395e-01
6.527777777777777901e-01 5.416666666666666297e-01
6.527777777777777901e-01 5.694444444444444198e-01
6.527777777777777901e-01 5.972222222222222099e-01
6.527777777777777901e-01 6.250000000000000000e-01
6.527777777777777901e-01 6.527777777777777901e-01
6.527777777777777901e-01 6.805555555555554692e-01
6.527777777777777901e-01 7.083333333333332593e-01
6.527777777777777901e-01 7.361111111111110494e-01
6.527777777777777901e-01 7.638888888888888395e-01
6.527777777777777901e-01 7.916666666666666297e-01
6.527777777777777901e-01 8.194444444444444198e-01
6.527777777777777901e-01 8.472222222222222099e-01
6.527777777777777901e-01 8.750000000000000000e-01
6.527777777777777901e-01 9.027777777777776791e-01
6.527777777777777901e-01 9.305555555555554692e-01
6.527777777777777901e-01 9.583333333333332593e-01
6.527777777777777901e-01 9.861111111111110494e-01
6.805555555555554692e-01 1.388888888888889506e-02
6.805555555555554692e-01 4.166666666666668517e-02
6.805555555555554692e-01 6.944444444444441977e-02
6.805555555555554692e-01 9.722222222222220989e-02
6.805555555555554692e-01 1.250000000000000000e-01
6.805555555555554692e-01 1.527777777777777901e-01
6.805555555555554692e-01 1.805555555555555802e-01
6.805555555555554692e-01 2.083333333333333148e-01
6.805555555555554692e-01 2.361111111111111049e-01
6.805555555555554692e-01 2.638888888888888951e-01
6.805555555555554692e-01 2.916666666666666297e-01
6.805555555555554692e-01 3.194444444444444198e-01
6.805555555555554692e-01 3.472222222222222099e-01
6.805555555555554692e-01 3.750000000000000000e-01
6.805555555555554692e-01 4.027777777777777346e-01
6.805555555555554692e-01 4.305555555555555247e-01
6.805555555555554692e-01 4.583333333333333148e-01
6.805555555555554692e-01 4.861111111111111049e-01
6.805555555555554692e-01 5.138888888888888395e-01
6.805555555555554692e-01 5.416666666666666297e-01
6.805555555555554692e-01 5.694444444444444198e-01
6.805555555555554692e-01 5.972222222222222099e-01
6.805555555555554692e-01 6.250000000000000000e-01
6.805555555555554692e-01 6.527777777777777901e-01
6.805555555555554692e-01 6.805555555555554692e-01
6.805555555555554692e-01 7.083333333333332593e-01
6.805555555555554692e-01 7.361111111111110494e-01
6.805555555555554692e-01 7.638888888888888395e-01
6.805555555555554692e-01 7.916666666666666297e-01
6.805555555555554692e-01 8.194444444444444198e-01
6.805555555555554692e-01 8.472222222222222099e-01
6.805555555555554692e-01 8.750000000000000000e-01
6.805555555555554692e-01 9.027777777777776791e-01
6.805555555555554692e-01 9.305555555555554692e-01
6.805555555555554692e-01 9.583333333333332593e-01
6.805555555555554692e-01 9.861111111111110494e-01
7.083333333333332593e-01 1.388888888888889506e-02
7.083333333333332593e-01 4.166666666666668517e-02
7.083333333333332593e-01 6.944444444444441977e-02
7.083333333333332593e-01 9.722222222222220989e-02
7.083333333333332593e-01 1.250000000000000000e-01
7.083333333333332593e-01 1.527777777777777901e-01
7.083333333333332593e-01 1.805555555555555802e-01
7.083333333333332593e-01 2.083333333333333148e-01
7.083333333333332593e-01 2.361111111111111049e-01
7.083333333333332593e-01 2.638888888888888951e-01
7.083333333333332593e-01 2.916666666666666297e-01
7.083333333333332593e-01 3.194444444444444198e-01
7.083333333333332593e-01 3.472222222222222099e-01
7.083333333333332593e-01 3.750000000000000000e-01
7.083333333333332593e-01 4.027777777777777346e-01
7.083333333333332593e-01 4.305555555555555247e-01
7.083333333333332593e-01 4.583333333333333148e-01
7.083333333333332593e-01 4.861111111111111049e-01
7.083333333333332593e-01 5.138888888888888395e-01
7.083333333333332593e-01 5.416666666666666297e-01
7.083333333333332593e-01 5.694444444444444198e-01
7.083333333333332593e-01 5.972222222222222099e-01
7.083333333333332593e-01 6.250000000000000000e-01
7.083333333333332593e-01 6.527777777777777901e-01
7.083333333333332593e-01 6.805555555555554692e-01
7.083333333333332593e-01 7.083333333333332593e-01
7.083333333333332593e-01 7.361111111111110494e-01
7.083333333333332593e-01 7.638888888888888395e-01
7.083333333333332593e-01 7.916666666666666297e-01
7.083333333333332593e-01 8.194444444444444198e-01
7.083333333333332593e-01 8.472222222222222099e-01
7.083333333333332593e-01 8.750000000000000000e-01
7.083333333333332593e-01 9.027777777777776791e-01
7.083333333333332593e-01 9.305555555555554692e-01
7.083333333333332593e-01 9.583333333333332593e-01
7.083333333333332593e-01 9.861111111111110494e-01
7.361111111111110494e-01 1.388888888888889506e-02
7.361111111111110494e-01 4.166666666666668517e-02
7.361111111111110494e-01 6.944444444444441977e-02
7.361111111111110494e-01 9.722222222222220989e-02
7.361111111111110494e-01 1.250000000000000000e-01
7.361111111111110494e-01 1.527777777777777901e-01
7.361111111111110494e-01 1.805555555555555802e-01
7.361111111111110494e-01 2.083333333333333148e-01
7.361111111111110494e-01 2.361111111111111049e-01
7.361111111111110494e-01 2.638888888888888951e-01
7.361111111111110494e-01 2.916666666666666297e-01
7.361111111111110494e-01 3.194444444444444198e-01
7.361111111111110494e-01 3.472222222222222099e-01
7.361111111111110494e-01 3.750000000000000000e-01
7.361111111111110494e-01 4.027777777777777346e-01
7.361111111111110494e-01 4.305555555555555247e-01
7.361111111111110494e-01 4.583333333333333148e-01
7.361111111111110494e-01 4.861111111111111049e-01
7.361111111111110494e-01 5.138888888888888395e-01
7.361111111111110494e-01 5.416666666666666297e-01
7.361111111111110494e-01 5.694444444444444198e-01
7.361111111111110494e-01 5.972222222222222099e-01
7.361111111111110494e-01 6.250000000000000000e-01
7.361111111111110494e-01 6.527777777777777901e-01
7.361111111111110494e-01 6.805555555555554692e-01
7.361111111111110494e-01 7.083333333333332593e-01
7.361111111111110494e-01 7.361111111111110494e-01
7.361111111111110494e-01 7.638888888888888395e-01
7.361111111111110494e-01 7.916666666666666297e-01
7.361111111111110494e-01 8.194444444444444198e-01
7.361111111111110494e-01 8.472222222222222099e-01
7.361111111111110494e-01 8.750000000000000000e-01
7.361111111111110494e-01 9.027777777777776791e-01
7.361111111111110494e-01 9.305555555555554692e-01
7.361111111111110494e-01 9.583333333333332593e-01
7.361111111111110494e-01 9.861111111111110494e-01
7.638888888888888395e-01 1.388888888888889506e-02
7.638888888888888395e-01 4.166666666666668517e-02
7.638888888888888395e-01 6.944444444444441977e-02
7.638888888888888395e-01 9.722222222222220989e-02
7.638888888888888395e-01 1.250000000000000000e-01
7.638888888888888395e-01 1.527777777777777901e-01
7.638888888888888395e-01 1.805555555555555802e-01
7.638888888888888395e-01 2.083333333333333148e-01
7.638888888888888395e-01 2.361111111111111049e-01
7.638888888888888395e-01 2.638888888888888951e-01
7.638888888888888395e-01 2.916666666666666297e-01
7.638888888888888395e-01 3.194444444444444198e-01
7.638888888888888395e-01 3.472222222222222099e-01
7.638888888888888395e-01 3.750000000000000000e-01
7.638888888888888395e-01 4.027777777777777346e-01
7.638888888888888395e-01 4.305555555555555247e-01
7.638888888888888395e-01 4.583333333333333148e-01
7.638888888888888395e-01 4.861111111111111049e-01
7.638888888888888395e-01 5.138888888888888395e-01
7.638888888888888395e-01 5.416666666666666297e-01
7.638888888888888395e-01 5.694444444444444198e-01
7.638888888888888395e-01 5.972222222222222099e-01
7.638888888888888395e-01 6.250000000000000000e-01
7.638888888888888395e-01 6.527777777777777901e-01
7.638888888888888395e-01 6.805555555555554692e-01
7.638888888888888395e-01 7.083333333333332593e-01
7.638888888888888395e-01 7.361111111111110494e-01
7.638888888888888395e-01 7.638888888888888395e-01
7.638888888888888395e-01 7.916666666666666297e-01
7.638888888888888395e-01 8.194444444444444198e-01
7.638888888888888395e-01 8.472222222222222099e-01
7.638888888888888395e-01 8.750000000000000000e-01
7.638888888888888395e-01 9.027777777777776791e-01
7.638888888888888395e-01 9.305555555555554692e-01
7.638888888888888395e-01 9.583333333333332593e-01
7.638888888888888395e-01 9.861111111111110494e-01
7.916666666666666297e-01 1.388888888888889506e-02
7.916666666666666297e-01 4.166666666666668517e-02
7.916666666666666297e-01 6.944444444444441977e-02
7.916666666666666297e-01 9.722222222222220989e-02
7.916666666666666297e-01 1.250000000000000000e-01
7.916666666666666297e-01 1.527777777777777901e-01
7.916666666666666297e-01 1.805555555555555802e-01
7.916666666666666297e-01 2.083333333333333148e-01
7.916666666666666297e-01 2.361111111111111049e-01
7.916666666666666297e-01 2.638888888888888951e-01
7.916666666666666297e-01 2.916666666666666297e-01
7.916666666666666297e-01 3.194444444444444198e-01
7.916666666666666297e-01 3.472222222222222099e-01
7.916666666666666297e-01 3.750000000000000000e-01
7.916666666666666297e-01 4.027777777777777346e-01
7.916666666666666297e-01 4.305555555555555247e-01
7.916666666666666297e-01 4.583333333333333148e-01
7.916666666666666297e-01 4.861111111111111049e-01
7.916666666666666297e-01 5.138888888888888395e-01
7.916666666666666297e-01 5.416666666666666297e-01
7.916666666666666297e-01 5.694444444444444198e-01
7.916666666666666297e-01 5.972222222222222099e-01
7.916666666666666297e-01 6.250000000000000000e-01
7.916666666666666297e-01 6.527777777777777901e-01
7.916666666666666297e-01 6.805555555555554692e-01
7.916666666666666297e-01 7.083333333333332593e-01
7.916666666666666297e-01 7.361111111111110494e-01
7.916666666666666297e-01 7.638888888888888395e-01
7.916666666666666297e-01 7.916666666666666297e-01
7.916666666666666297e-01 8.194444444444444198e-01
7.916666666666666297e-01 8.472222222222222099e-01
7.916666666666666297e-01 8.750000000000000000e-01
7.916666666666666297e-01 9.027777777777776791e-01
7.916666666666666297e-01 9.305555555555554692e-01
7.916666666666666297e-01 9.583333333333332593e-01
7.916666666666666297e-01 9.861111111111110494e-01
8.194444444444444198e-01 1.388888888888889506e-02
8.194444444444444198e-01 4.166666666666668517e-02
8.194444444444444198e-01 6.944444444444441977e-02
8.194444444444444198e-01 9.722222222222220989e-02
8.194444444444444198e-01 1.250000000000000000e-01
8.194444444444444198e-01 1.527777777777777901e-01
8.194444444444444198e-01 1.805555555555555802e-01
8.194444444444444198e-01 2.083333333333333148e-01
8.194444444444444198e-01 2.361111111111111049e-01
8.194444444444444198e-01 2.638888888888888951e-01
8.194444444444444198e-01 2.916666666666666297e-01
8.194444444444444198e-01 3.194444444444444198e-01
8.194444444444444198e-01 3.472222222222222099e-01
8.194444444444444198e-01 3.750000000000000000e-01
8.194444444444444198e-01 4.027777777777777346e-01
8.194444444444444198e-01 4.305555555555555247e-01
8.194444444444444198e-01 4.583333333333333148e-01
8.194444444444444198e-01 4.861111111111111049e-01
8.194444444444444198e-01 5.138888888888888395e-01
8.194444444444444198e-01 5.416666666666666297e-01
8.194444444444444198e-01 5.694444444444444198e-01
8.194444444444444198e-01 5.972222222222222099e-01
8.194444444444444198e-01 6.250000000000000000e-01
8.194444444444444198e-01 6.527777777777777901e-01
8.194444444444444198e-01 6.805555555555554692e-01
8.194444444444444198e-01 7.083333333333332593e-01
8.194444444444444198e-01 7.361111111111110494e-01
8.194444444444444198e-01 7.638888888888888395e-01
8.194444444444444198e-01 7.916666666666666297e-01
8.194444444444444198e-01 8.194444444444444198e-01
8.194444444444444198e-01 8.472222222222222099e-01
8.194444444444444198e-01 8.750000000000000000e-01
8.194444444444444198e-01 9.027777777777776791e-01
8.194444444444444198e-01 9.305555555555554692e-01
8.194444444444444198e-01 9.583333333333332593e-01
8.194444444444444198e-01 9.861111111111110494e-01
8.472222222222222099e-01 1.388888888888889506e-02
8.472222222222222099e-01 4.166666666666668517e-02
8.472222222222222099e-01 6.944444444444441977e-02
8.472222222222222099e-01 9.722222222222220989e-02
8.472222222222222099e-01 1.250000000000000000e-01
8.472222222222222099e-01 1.527777777777777901e-01
8.472222222222222099e-01 1.805555555555555802e-01
8.472222222222222099e-01 2.083333333333333148e-01
8.472222222222222099e-01 2.361111111111111049e-01
8.472222222222222099e-01 2.638888888888888951e-01
8.472222222222222099e-01 2.916666666666666297e-01
8.472222222222222099e-01 3.194444444444444198e-01
8.472222222222222099e-01 3.472222222222222099e-01
8.472222222222222099e-01 3.750000000000000000e-01
8.472222222222222099e-01 4.027777777777777346e-01
8.472222222222222099e-01 4.305555555555555247e-01
8.472222222222222099e-01 4.583333333333333148e-01
8.472222222222222099e-01 4.861111111111111049e-01
8.472222222222222099e-01 5.138888888888888395e-01
8.472222222222222099e-01 5.416666666666666297e-01
8.472222222222222099e-01 5.694444444444444198e-01
8.472222222222222099e-01 5.972222222222222099e-01
8.472222222222222099e-01 6.250000000000000000e-01
8.472222222222222099e-01 6.527777777777777901e-01
8.472222222222222099e-01 6.805555555555554692e-01
8.472222222222222099e-01 7.083333333333332593e-01
8.472222222222222099e-01 7.361111111111110494e-01
8.472222222222222099e-01 7.638888888888888395e-01
8.472222222222222099e-01 7.916666666666666297e-01
8.472222222222222099e-01 8.194444444444444198e-01
8.472222222222222099e-01 8.472222222222222099e-01
8.472222222222222099e-01 8.750000000000000000e-01
8.472222222222222099e-01 9.027777777777776791e-01
8.472222222222222099e-01 9.305555555555554692e-01
8.472222222222222099e-01 9.583333333333332593e-01
8.472222222222222099e-01 9.861111111111110494e-01
8.750000000000000000e-01 1.388888888888889506e-02
8.750000000000000000e-01 4.166666666666668517e-02
8.750000000000000000e-01 6.944444444444441977e-02
8.750000000000000000e-01 9.722222222222220989e-02
8.750000000000000000e-01 1.250000000000000000e-01
8.750000000000000000e-01 1.527777777777777901e-01
8.750000000000000000e-01 1.805555555555555802e-01
8.750000000000000000e-01 2.083333333333333148e-01
8.750000000000000000e-01 2.361111111111111049e-01
8.750000000000000000e-01 2.638888888888888951e-01
8.750000000000000000e-01 2.916666666666666297e-01
8.750000000000000000e-01 3.194444444444444198e-01
8.750000000000000000e-01 3.472222222222222099e-01
8.750000000000000000e-01 3.750000000000000000e-01
8.750000000000000000e-01 4.027777777777777346e-01
8.750000000000000000e-01 4.305555555555555247e-01
8.750000000000000000e-01 4.583333333333333148e-01
8.750000000000000000e-01 4.861111111111111049e-01
8.750000000000000000e-01 5.138888888888888395e-01
8.750000000000000000e-01 5.416666666666666297e-01
8.750000000000000000e-01 5.694444444444444198e-01
8.750000000000000000e-01 5.972222222222222099e-01
8.750000000000000000e-01 6.250000000000000000e-01
8.750000000000000000e-01 6.527777777777777901e-01
8.750000000000000000e-01 6.805555555555554692e-01
8.750000000000000000e-01 7.083333333333332593e-01
8.750000000000000000e-01 7.361111111111110494e-01
8.750000000000000000e-01 7.638888888888888395e-01
8.750000000000000000e-01 7.916666666666666297e-01
8.750000000000000000e-01 8.194444444444444198e-01
8.750000000000000000e-01 8.472222222222222099e-01
8.750000000000000000e-01 8.750000000000000000e-01
8.750000000000000000e-01 9.027777777777776791e-01
8.750000000000000000e-01 9.305555555555554692e-01
8.750000000000000000e-01 9.583333333333332593e-01
8.750000000000000000e-01 9.861111111111110494e-01
9.027777777777776791e-01 1.388888888888889506e-02
9.027777777777776791e-01 4.166666666666668517e-02
9.027777777777776791e-01 6.944444444444441977e-02
9.027777777777776791e-01 9.722222222222220989e-02
9.027777777777776791e-01 1.250000000000000000e-01
9.027777777777776791e-01 1.527777777777777901e-01
9.027777777777776791e-01 1.805555555555555802e-01
9.027777777777776791e-01 2.083333333333333148e-01
9.027777777777776791e-01 2.361111111111111049e-01
9.027777777777776791e-01 2.638888888888888951e-01
9.027777777777776791e-01 2.916666666666666297e-01
9.027777777777776791e-01 3.194444444444444198e-01
9.027777777777776791e-01 3.472222222222222099e-01
9.027777777777776791e-01 3.750000000000000000e-01
9.027777777777776791e-01 4.027777777777777346e-01
9.027777777777776791e-01 4.305555555555555247e-01
9.027777777777776791e-01 4.583333333333333148e-01
9.027777777777776791e-01 4.861111111111111049e-01
9.027777777777776791e-01 5.138888888888888395e-01
9.027777777777776791e-01 5.416666666666666297e-01
9.027777777777776791e-01 5.694444444444444198e-01
9.027777777777776791e-01 5.972222222222222099e-01
9.027777777777776791e-01 6.250000000000000000e-01
9.027777777777776791e-01 6.527777777777777901e-01
9.027777777777776791e-01 6.805555555555554692e-01
9.027777777777776791e-01 7.083333333333332593e-01
9.027777777777776791e-01 7.361111111111110494e-01
9.027777777777776791e-01 7.638888888888888395e-01
9.027777777777776791e-01 7.916666666666666297e-01
9.027777777777776791e-01 8.194444444444444198e-01
9.027777777777776791e-01 8.472222222222222099e-01
9.027777777777776791e-01 8.750000000000000000e-01
9.027777777777776791e-01 9.027777777777776791e-01
9.027777777777776791e-01 9.305555555555554692e-01
9.027777777777776791e-01 9.583333333333332593e-01
9.027777777777776791e-01 9.861111111111110494e-01
9.305555555555554692e-01 1.388888888888889506e-02
9.305555555555554692e-01 4.166666666666668517e-02
9.305555555555554692e-01 6.944444444444441977e-02
9.305555555555554692e-01 9.722222222222220989e-02
9.305555555555554692e-01 1.250000000000000000e-01
9.305555555555554692e-01 1.527777777777777901e-01
9.305555555555554692e-01 1.805555555555555802e-01
9.305555555555554692e-01 2.083333333333333148e-01
9.305555555555554692e-01 2.361111111111111049e-01
9.305555555555554692e-01 2.638888888888888951e-01
9.305555555555554692e-01 2.916666666666666297e-01
9.305555555555554692e-01 3.194444444444444198e-01
9.305555555555554692e-01 3.472222222222222099e-01
9.305555555555554692e-01 3.750000000000000000e-01
9.305555555555554692e-01 4.027777777777777346e-01
9.305555555555554692e-01 4.305555555555555247e-01
9.305555555555554692e-01 4.583333333333333148e-01
9.305555555555554692e-01 4.861111111111111049e-01
9.305555555555554692e-01 5.138888888888888395e-01
9.305555555555554692e-01 5.416666666666666297e-01
9.305555555555554692e-01 5.694444444444444198e-01
9.305555555555554692e-01 5.972222222222222099e-01
9.305555555555554692e-01 6.250000000000000000e-01
9.305555555555554692e-01 6.527777777777777901e-01
9.305555555555554692e-01 6.805555555555554692e-01
9.305555555555554692e-01 7.083333333333332593e-01
9.305555555555554692e-01 7.361111111111110494e-01
9.305555555555554692e-01 7.638888888888888395e-01
9.305555555555554692e-01 7.916666666666666297e-01
9.305555555555554692e-01 8.194444444444444198e-01
9.305555555555554692e-01 8.472222222222222099e-01
9.305555555555554692e-01 8.750000000000000000e-01
9.305555555555554692e-01 9.027777777777776791e-01
9.305555555555554692e-01 9.305555555555554692e-01
9.305555555555554692e-01 9.583333333333332593e-01
9.305555555555554692e-01 9.861111111111110494e-01
9.583333333333332593e-01 1.388888888888889506e-02
9.583333333333332593e-01 4.166666666666668517e-02
9.583333333333332593e-01 6.944444444444441977e-02
9.583333333333332593e-01 9.722222222222220989e-02
9.583333333333332593e-01 1.250000000000000000e-01
9.583333333333332593e-01 1.527777777777777901e-01
9.583333333333332593e-01 1.805555555555555802e-01
9.583333333333332593e-01 2.083333333333333148e-01
9.583333333333332593e-01 2.361111111111111049e-01
9.583333333333332593e-01 2.638888888888888951e-01
9.583333333333332593e-01 2.916666666666666297e-01
9.583333333333332593e-01 3.194444444444444198e-01
9.583333333333332593e-01 3.472222222222222099e-01
9.583333333333332593e-01 3.750000000000000000e-01
9.583333333333332593e-01 4.027777777777777346e-01
9.583333333333332593e-01 4.305555555555555247e-01
9.583333333333332593e-01 4.583333333333333148e-01
9.583333333333332593e-01 4.861111111111111049e-01
9.583333333333332593e-01 5.138888888888888395e-01
9.583333333333332593e-01 5.416666666666666297e-01
9.583333333333332593e-01 5.694444444444444198e-01
9.583333333333332593e-01 5.972222222222222099e-01
9.583333333333332593e-01 6.250000000000000000e-01
9.583333333333332593e-01 6.527777777777777901e-01
9.583333333333332593e-01 6.805555555555554692e-01
9.583333333333332593e-01 7.083333333333332593e-01
9.583333333333332593e-01 7.361111111111110494e-01
9.583333333333332593e-01 7.638888888888888395e-01
9.583333333333332593e-01 7.916666666666666297e-01
9.583333333333332593e-01 8.194444444444444198e-01
9.583333333333332593e-01 8.472222222222222099e-01
9.583333333333332593e-01 8.750000000000000000e-01
9.583333333333332593e-01 9.027777777777776791e-01
9.583333333333332593e-01 9.305555555555554692e-01
9.583333333333332593e-01 9.583333333333332593e-01
9.583333333333332593e-01 9.861111111111110494e-01
9.861111111111110494e-01 1.388888888888889506e-02
9.861111111111110494e-01 4.166666666666668517e-02
9.861111111111110494e-01 6.944444444444441977e-02
9.861111111111110494e-01 9.722222222222220989e-02
9.861111111111110494e-01 1.250000000000000000e-01
9.861111111111110494e-01 1.527777777777777901e-01
9.861111111111110494e-01 1.805555555555555802e-01
9.861111111111110494e-01 2.083333333333333148e-01
9.861111111111110494e-01 2.361111111111111049e-01
9.861111111111110494e-01 2.638888888888888951e-01
9.861111111111110494e-01 2.916666666666666297e-01
9.861111111111110494e-01 3.194444444444444198e-01
9.861111111111110494e-01 3.472222222222222099e-01
9.861111111111110494e-01 3.750000000000000000e-01
9.861111111111110494e-01 4.027777777777777346e-01
9.861111111111110494e-01 4.305555555555555247e-01
9.861111111111110494e-01 4.583333333333333148e-01
9.861111111111110494e-01 4.861111111111111049e-01
9.861111111111110494e-01 5.138888888888888395e-01
9.861111111111110494e-01 5.416666666666666297e-01
9.861111111111110494e-01 5.694444444444444198e-01
9.861111111111110494e-01 5.972222222222222099e-01
9.861111111111110494e-01 6.250000000000000000e-01
9.861111111111110494e-01 6.527777777777777901e-01
9.861111111111110494e-01 6.805555555555554692e-01
9.861111111111110494e-01 7.083333333333332593e-01
9.861111111111110494e-01 7.361111111111110494e-01
9.861111111111110494e-01 7.638888888888888395e-01
9.861111111111110494e-01 7.916666666666666297e-01
9.861111111111110494e-01 8.194444444444444198e-01
9.861111111111110494e-01 8.472222222222222099e-01
9.861111111111110494e-01 8.750000000000000000e-01
9.861111111111110494e-01 9.027777777777776791e-01
9.861111111111110494e-01 9.305555555555554692e-01
9.861111111111110494e-01 9.583333333333332593e-01
9.861111111111110494e-01 9.861111111111110494e-01
